timestamp,lap,vehicle_id,lapdist_dls,steering_angle,latitude,longitude,accx_can,accy_can,ath,gear,nmot,pbrake_f,pbrake_r,speed
2025-09-05T01:00:39.414Z,29,GR86-036-98,3683.0,1.3,33.53261947631836,-86.61962127685547,0.161,-0.024,100.0,4.0,6755.0,0.0,0.0,
2025-09-05T01:00:39.458Z,29,GR86-036-98,,0.2,33.53261947631836,-86.61962127685547,0.134,-0.059,100.0,4.0,,0.0,0.0,171.48
2025-09-05T01:00:39.501Z,29,GR86-036-98,,0.0,33.532649993896484,-86.61958312988281,0.13,-0.095,100.0,4.0,,0.0,0.0,
2025-09-05T01:00:39.547Z,29,GR86-036-98,,0.0,33.532649993896484,-86.61958312988281,0.118,-0.105,100.0,4.0,,0.0,0.0,
2025-09-05T01:00:39.590Z,29,GR86-036-98,,0.0,33.532649993896484,-86.61958312988281,0.123,-0.106,100.0,4.0,,0.0,0.0,
2025-09-05T01:00:39.635Z,29,GR86-036-98,8.0,-0.1,33.53268051147461,-86.61954498291016,0.167,-0.119,100.0,4.0,6789.0,0.0,0.0,
2025-09-05T01:00:39.678Z,29,GR86-036-98,,-0.1,33.532711029052734,-86.61951446533203,0.151,-0.147,100.0,4.0,,0.0,0.0,172.39
2025-09-05T01:00:39.721Z,29,GR86-036-98,,-0.1,33.532711029052734,-86.61951446533203,0.162,-0.159,100.0,4.0,,0.0,0.0,
2025-09-05T01:00:39.764Z,29,GR86-036-98,,-0.1,33.532711029052734,-86.61951446533203,0.14,-0.156,100.0,4.0,,0.0,0.0,
2025-09-05T01:00:39.807Z,29,GR86-036-98,,-0.1,33.53274154663086,-86.61947631835938,0.14,-0.163,100.0,4.0,,0.0,0.0,
2025-09-05T01:00:39.850Z,29,GR86-036-98,18.0,-0.1,33.53274154663086,-86.61947631835938,0.133,-0.144,100.0,4.0,6844.0,0.0,0.0,
2025-09-05T01:00:39.895Z,29,GR86-036-98,,-0.1,33.532772064208984,-86.61943817138672,0.124,-0.166,100.0,4.0,,4.0600000000000005,4.18,173.42000000000002
2025-09-05T01:00:39.938Z,29,GR86-036-98,,-0.1,33.532772064208984,-86.61943817138672,0.126,-0.143,100.0,4.0,,2.73,2.915,
2025-09-05T01:00:39.981Z,29,GR86-036-98,,-0.1,33.532772064208984,-86.61943817138672,0.121,-0.148,100.0,4.0,,0.0,0.0,
2025-09-05T01:00:40.024Z,29,GR86-036-98,,-0.1,33.532798767089844,-86.61940002441406,0.151,-0.135,100.0,4.0,,0.0,0.0,
2025-09-05T01:00:40.067Z,29,GR86-036-98,27.0,-0.1,33.532798767089844,-86.61940002441406,0.142,-0.141,100.0,4.0,6859.0,0.0,0.0,
2025-09-05T01:00:40.110Z,29,GR86-036-98,,-0.1,33.53282928466797,-86.6193618774414,0.152,-0.135,100.0,4.0,,0.0,0.0,174.47
2025-09-05T01:00:40.155Z,29,GR86-036-98,,-0.5,33.53282928466797,-86.6193618774414,0.103,-0.132,100.0,4.0,,0.0,0.0,
2025-09-05T01:00:40.198Z,29,GR86-036-98,,-1.3,33.532859802246094,-86.61932373046875,0.103,-0.139,100.0,4.0,,0.0,0.0,
2025-09-05T01:00:40.241Z,29,GR86-036-98,,-2.0,33.532859802246094,-86.61932373046875,0.111,-0.173,100.0,4.0,,0.0,0.0,
2025-09-05T01:00:40.285Z,29,GR86-036-98,37.0,-2.3000000000000003,33.532859802246094,-86.61932373046875,0.106,-0.201,100.0,4.0,6899.0,0.0,0.0,
2025-09-05T01:00:40.328Z,29,GR86-036-98,,-2.9000000000000004,33.53289031982422,-86.61929321289062,0.11,-0.225,100.0,4.0,,0.0,0.0,175.42000000000002
2025-09-05T01:00:40.371Z,29,GR86-036-98,,-3.6,33.53289031982422,-86.61929321289062,0.116,-0.245,100.0,4.0,,0.0,0.0,
2025-09-05T01:00:40.414Z,29,GR86-036-98,,-4.0,33.532920837402344,-86.61925506591797,0.122,-0.278,100.0,4.0,,0.0,0.0,
2025-09-05T01:00:40.458Z,29,GR86-036-98,,-4.0,33.532920837402344,-86.61925506591797,0.113,-0.31,100.0,4.0,,0.0,0.0,
2025-09-05T01:00:40.501Z,29,GR86-036-98,47.0,-4.0,33.53295135498047,-86.61921691894531,0.126,-0.309,100.0,4.0,6936.0,0.0,0.0,
2025-09-05T01:00:40.546Z,29,GR86-036-98,,-4.0,33.53295135498047,-86.61921691894531,0.107,-0.324,100.0,4.0,,0.0,0.0,177.22
2025-09-05T01:00:40.589Z,29,GR86-036-98,,-4.0,33.53295135498047,-86.61921691894531,0.125,-0.298,100.0,4.0,,0.0,0.0,
2025-09-05T01:00:40.632Z,29,GR86-036-98,,-4.0,33.532981872558594,-86.61917877197266,0.111,-0.286,100.0,4.0,,0.0,0.0,
2025-09-05T01:00:40.675Z,29,GR86-036-98,,-2.5,33.53301239013672,-86.61913299560547,0.127,-0.268,100.0,4.0,,0.0,0.0,
2025-09-05T01:00:40.718Z,29,GR86-036-98,57.0,-1.4,33.53301239013672,-86.61913299560547,0.122,-0.248,100.0,4.0,6985.0,0.0,0.0,
2025-09-05T01:00:40.761Z,29,GR86-036-98,,-0.5,33.53301239013672,-86.61913299560547,0.142,-0.216,100.0,4.0,,0.0,0.0,178.07
2025-09-05T01:00:40.805Z,29,GR86-036-98,,-0.2,33.533042907714844,-86.61909484863281,0.138,-0.162,100.0,4.0,,0.0,0.0,
2025-09-05T01:00:40.848Z,29,GR86-036-98,,-0.2,33.533042907714844,-86.61909484863281,0.142,-0.115,100.0,4.0,,0.0,0.0,
2025-09-05T01:00:40.891Z,29,GR86-036-98,,-0.2,33.533042907714844,-86.61909484863281,0.115,-0.082,100.0,4.0,,0.0,0.0,
2025-09-05T01:00:40.936Z,29,GR86-036-98,77.0,-0.1,33.53307342529297,-86.61905670166016,0.101,-0.06,100.0,4.0,7040.0,0.0,0.0,
2025-09-05T01:00:40.979Z,29,GR86-036-98,,1.1,33.533103942871094,-86.6190185546875,0.106,-0.019,100.0,4.0,,0.0,0.0,178.96
2025-09-05T01:00:41.022Z,29,GR86-036-98,,2.3000000000000003,33.533103942871094,-86.6190185546875,0.114,0.031,100.0,4.0,,0.0,0.0,
2025-09-05T01:00:41.065Z,29,GR86-036-98,,3.0,33.533103942871094,-86.6190185546875,0.139,0.047,100.0,4.0,,0.0,0.0,
2025-09-05T01:00:41.108Z,29,GR86-036-98,,3.4000000000000004,33.53313064575195,-86.61898040771484,0.112,0.065,100.0,4.0,,0.0,0.0,
2025-09-05T01:00:41.151Z,29,GR86-036-98,87.0,3.7,33.53313064575195,-86.61898040771484,0.11,0.075,100.0,4.0,7078.0,0.0,0.0,
2025-09-05T01:00:41.195Z,29,GR86-036-98,,5.2,33.53316116333008,-86.61894226074219,0.143,0.105,100.0,4.0,,0.0,0.0,179.78
2025-09-05T01:00:41.239Z,29,GR86-036-98,,6.7,33.53316116333008,-86.61894226074219,0.169,0.159,100.0,4.0,,0.0,0.0,
2025-09-05T01:00:41.282Z,29,GR86-036-98,,7.2,33.5331916809082,-86.618896484375,0.167,0.181,100.0,4.0,,0.0,0.0,
2025-09-05T01:00:41.325Z,29,GR86-036-98,,7.4,33.5331916809082,-86.618896484375,0.129,0.196,100.0,4.0,,0.0,0.0,
2025-09-05T01:00:41.368Z,29,GR86-036-98,97.0,7.4,33.5331916809082,-86.618896484375,0.158,0.205,100.0,4.0,7131.0,0.0,0.0,
2025-09-05T01:00:41.411Z,29,GR86-036-98,,7.4,33.53322219848633,-86.61885833740234,0.129,0.211,100.0,4.0,,0.0,0.0,180.6
2025-09-05T01:00:41.455Z,29,GR86-036-98,,7.4,33.53322219848633,-86.61885833740234,0.119,0.228,89.31,4.0,,8.01,8.27,
2025-09-05T01:00:41.499Z,29,GR86-036-98,,7.5,33.53325271606445,-86.61882019042969,0.114,0.269,33.3,4.0,,20.63,20.755,
2025-09-05T01:00:41.542Z,29,GR86-036-98,,9.2,33.53325271606445,-86.61882019042969,-0.078,0.295,1.1,4.0,,34.84,34.52,
2025-09-05T01:00:41.585Z,29,GR86-036-98,107.0,10.7,33.53325271606445,-86.61882019042969,-0.45,0.259,0.0,4.0,7172.0,53.93,53.24,
2025-09-05T01:00:41.628Z,29,GR86-036-98,,12.0,33.53328323364258,-86.61878204345703,-0.86,0.235,0.0,4.0,,75.905,74.745,181.6
2025-09-05T01:00:41.671Z,29,GR86-036-98,,12.9,33.53328323364258,-86.61878204345703,-0.858,0.266,0.0,4.0,,97.94,98.99,
2025-09-05T01:00:41.714Z,29,GR86-036-98,,14.8,33.5333137512207,-86.61873626708984,-0.863,0.382,0.0,4.0,,105.995,107.705,
2025-09-05T01:00:41.758Z,29,GR86-036-98,,14.9,33.5333137512207,-86.61873626708984,-1.042,0.4,0.22,4.0,,105.995,106.865,
2025-09-05T01:00:41.801Z,29,GR86-036-98,117.0,14.8,33.53334426879883,-86.61869812011719,-0.849,0.4,0.39,4.0,6383.0,108.71,109.995,
2025-09-05T01:00:41.846Z,29,GR86-036-98,,14.9,33.53334426879883,-86.61869812011719,-1.086,0.358,0.26,4.0,,109.37,110.62,175.59
2025-09-05T01:00:41.889Z,29,GR86-036-98,,14.9,33.53334426879883,-86.61869812011719,-1.035,0.428,0.24,4.0,,109.275,109.49,
2025-09-05T01:00:41.932Z,29,GR86-036-98,,14.9,33.53337478637695,-86.61865997314453,-1.168,0.348,0.21,4.0,,114.055,114.94,
2025-09-05T01:00:41.975Z,29,GR86-036-98,,17.0,33.53337478637695,-86.61865997314453,-1.067,0.522,0.0,4.0,,112.71,114.94,
2025-09-05T01:00:42.018Z,29,GR86-036-98,126.0,20.200000000000003,33.53340148925781,-86.6186294555664,-1.03,0.544,0.28,4.0,6345.0,110.835,111.43,
2025-09-05T01:00:42.061Z,29,GR86-036-98,,23.200000000000003,33.53340148925781,-86.6186294555664,-1.203,0.478,0.73,4.0,,111.93,113.305,171.12
2025-09-05T01:00:42.105Z,29,GR86-036-98,,28.200000000000003,33.53343200683594,-86.61859130859375,-1.013,0.544,0.22,4.0,,114.465,116.34,
2025-09-05T01:00:42.148Z,29,GR86-036-98,,31.8,33.53343200683594,-86.61859130859375,-1.099,0.549,0.0,4.0,,110.375,111.06,
2025-09-05T01:00:42.191Z,29,GR86-036-98,,32.0,33.53343200683594,-86.61859130859375,-1.107,0.502,0.0,3.0,,110.56,110.345,
2025-09-05T01:00:42.235Z,29,GR86-036-98,135.0,32.0,33.53346252441406,-86.6185531616211,-1.117,0.412,0.0,3.0,6177.0,111.245,112.45,
2025-09-05T01:00:42.278Z,29,GR86-036-98,,32.0,33.53348922729492,-86.61852264404297,-0.964,0.578,0.0,3.0,,108.94,110.955,162.57
2025-09-05T01:00:42.321Z,29,GR86-036-98,,33.7,33.53348922729492,-86.61852264404297,-1.181,0.405,0.0,3.0,,109.4,110.74,
2025-09-05T01:00:42.364Z,29,GR86-036-98,,36.6,33.53348922729492,-86.61852264404297,-1.217,0.318,0.0,3.0,,108.97,109.595,
2025-09-05T01:00:42.407Z,29,GR86-036-98,,38.900000000000006,33.53351593017578,-86.61848449707031,-0.97,0.54,0.0,3.0,,109.34,111.335,
2025-09-05T01:00:42.450Z,29,GR86-036-98,144.0,39.0,33.53351593017578,-86.61848449707031,-0.927,0.559,0.0,3.0,6340.0,104.365,105.46,
2025-09-05T01:00:42.495Z,29,GR86-036-98,,39.0,33.533546447753906,-86.61845397949219,-1.088,0.514,0.0,3.0,,102.015,102.455,152.9
2025-09-05T01:00:42.538Z,29,GR86-036-98,,40.900000000000006,33.533546447753906,-86.61845397949219,-1.007,0.439,0.0,3.0,,103.37,103.645,
2025-09-05T01:00:42.581Z,29,GR86-036-98,,43.3,33.533546447753906,-86.61845397949219,-0.945,0.463,0.0,3.0,,95.175,96.17,
2025-09-05T01:00:42.624Z,29,GR86-036-98,,43.400000000000006,33.533573150634766,-86.61842346191406,-1.017,0.62,0.0,3.0,,84.92,86.035,
2025-09-05T01:00:42.668Z,29,GR86-036-98,152.0,43.400000000000006,33.533573150634766,-86.61842346191406,-0.804,0.684,0.35,3.0,6585.0,75.58500000000001,75.935,
2025-09-05T01:00:42.711Z,29,GR86-036-98,,43.400000000000006,33.533599853515625,-86.61839294433594,-1.054,0.606,0.6,3.0,,68.47,68.99,142.05
2025-09-05T01:00:42.755Z,29,GR86-036-98,,46.5,33.533599853515625,-86.61839294433594,-0.849,0.762,0.0,3.0,,55.805,57.21,
2025-09-05T01:00:42.798Z,29,GR86-036-98,,52.5,33.533626556396484,-86.61837005615234,-0.805,0.608,0.0,3.0,,53.805,54.43,
2025-09-05T01:00:42.841Z,29,GR86-036-98,,59.0,33.533626556396484,-86.61837005615234,-0.807,0.6910000000000001,0.0,3.0,,52.8,53.21,
2025-09-05T01:00:42.885Z,29,GR86-036-98,159.0,62.3,33.533653259277344,-86.61833953857422,-0.748,0.75,0.0,3.0,6403.0,47.96,49.105,
2025-09-05T01:00:42.928Z,29,GR86-036-98,,62.3,33.533653259277344,-86.61833953857422,-0.704,0.709,0.0,3.0,,44.56,45.66,134.44
2025-09-05T01:00:42.971Z,29,GR86-036-98,,61.400000000000006,33.533653259277344,-86.61833953857422,-0.732,0.777,0.06,3.0,,41.14,42.39,
2025-09-05T01:00:43.014Z,29,GR86-036-98,,46.5,33.5336799621582,-86.6183090209961,-0.662,0.972,0.81,3.0,,28.095,29.5,
2025-09-05T01:00:43.100Z,29,GR86-036-98,167.0,31.5,33.5337028503418,-86.6182861328125,-0.237,0.907,0.0,3.0,6119.0,5.74,6.365,
2025-09-05T01:00:43.146Z,29,GR86-036-98,,28.9,33.5337028503418,-86.6182861328125,-0.271,0.989,0.0,3.0,,0.0,0.0,133.14
2025-09-05T01:00:43.189Z,29,GR86-036-98,,26.5,33.5337028503418,-86.6182861328125,-0.25,0.949,0.0,3.0,,0.0,0.0,
2025-09-05T01:00:43.235Z,29,GR86-036-98,,26.3,33.533729553222656,-86.6182632446289,-0.146,1.044,0.1,3.0,,0.0,0.0,
2025-09-05T01:00:43.278Z,29,GR86-036-98,,31.200000000000003,33.533729553222656,-86.6182632446289,-0.144,1.061,0.24,3.0,,0.0,0.0,
2025-09-05T01:00:43.321Z,29,GR86-036-98,174.0,32.0,33.53375625610352,-86.61824035644531,-0.123,1.176,1.11,3.0,5824.0,0.0,0.0,
2025-09-05T01:00:43.364Z,29,GR86-036-98,,17.6,33.53375625610352,-86.61824035644531,-0.13,1.193,1.14,3.0,,0.0,0.0,134.29
2025-09-05T01:00:43.407Z,29,GR86-036-98,,-5.800000000000001,33.533782958984375,-86.61821746826172,-0.118,1.1,0.73,3.0,,0.0,0.0,
2025-09-05T01:00:43.450Z,29,GR86-036-98,,-18.9,33.533782958984375,-86.61821746826172,-0.118,0.986,0.55,3.0,,0.0,0.0,
2025-09-05T01:00:43.538Z,29,GR86-036-98,189.0,-8.0,33.533809661865234,-86.61819458007812,-0.123,0.954,1.68,3.0,5907.0,0.0,0.0,
2025-09-05T01:00:43.581Z,29,GR86-036-98,,31.1,33.533836364746094,-86.61817169189453,-0.146,1.249,9.12,3.0,,0.0,0.0,133.2
2025-09-05T01:00:43.624Z,29,GR86-036-98,,42.7,33.533836364746094,-86.61817169189453,-0.138,1.23,23.26,3.0,,0.0,0.0,
2025-09-05T01:00:43.667Z,29,GR86-036-98,,46.2,33.533836364746094,-86.61817169189453,-0.11,1.221,34.75,3.0,,0.0,0.0,
2025-09-05T01:00:43.710Z,29,GR86-036-98,,45.400000000000006,33.53386306762695,-86.61815643310547,-0.102,1.249,43.1,3.0,,0.0,0.0,
2025-09-05T01:00:43.755Z,29,GR86-036-98,196.0,42.2,33.53386306762695,-86.61815643310547,-0.056,1.295,66.18,3.0,5938.0,0.0,0.0,
2025-09-05T01:00:43.798Z,29,GR86-036-98,,47.7,33.53389358520508,-86.61813354492188,-0.084,1.353,72.55,3.0,,0.0,0.0,130.89
2025-09-05T01:00:43.841Z,29,GR86-036-98,,57.8,33.53389358520508,-86.61813354492188,0.255,1.359,71.8,3.0,,0.0,0.0,
2025-09-05T01:00:43.885Z,29,GR86-036-98,,67.0,33.53389358520508,-86.61813354492188,0.189,1.365,73.64,3.0,,0.0,0.0,
2025-09-05T01:00:43.928Z,29,GR86-036-98,,75.2,33.53392028808594,-86.61811828613281,0.195,1.418,76.28,3.0,,0.0,0.0,
2025-09-05T01:00:43.971Z,29,GR86-036-98,203.0,83.80000000000001,33.53392028808594,-86.61811828613281,0.193,1.342,79.35000000000001,3.0,6264.0,0.0,0.0,
2025-09-05T01:00:44.014Z,29,GR86-036-98,,91.6,33.53395080566406,-86.61810302734375,0.139,1.41,87.23,3.0,,0.0,0.0,129.87
2025-09-05T01:00:44.057Z,29,GR86-036-98,,92.5,33.53395080566406,-86.61810302734375,0.143,1.46,88.12,3.0,,0.0,0.0,
2025-09-05T01:00:44.100Z,29,GR86-036-98,,92.5,33.53398132324219,-86.61808776855469,0.171,1.413,86.44,3.0,,0.0,0.0,
2025-09-05T01:00:44.146Z,29,GR86-036-98,,92.5,33.53398132324219,-86.61808776855469,0.158,1.37,81.12,3.0,,0.0,0.0,
2025-09-05T01:00:44.189Z,29,GR86-036-98,211.0,93.6,33.53398132324219,-86.61808776855469,0.143,1.39,71.06,3.0,6222.0,0.0,0.0,
2025-09-05T01:00:44.232Z,29,GR86-036-98,,95.2,33.53401184082031,-86.61807250976562,0.145,1.366,65.19,3.0,,0.0,0.0,131.42000000000002
2025-09-05T01:00:44.275Z,29,GR86-036-98,,95.4,33.53401184082031,-86.61807250976562,0.13,1.478,63.97,3.0,,0.0,0.0,
2025-09-05T01:00:44.318Z,29,GR86-036-98,,95.4,33.53404235839844,-86.6180648803711,0.099,1.484,64.35,3.0,,0.0,0.0,
2025-09-05T01:00:44.361Z,29,GR86-036-98,,95.4,33.53404235839844,-86.6180648803711,0.083,1.528,74.77,3.0,,0.0,0.0,
2025-09-05T01:00:44.405Z,29,GR86-036-98,218.0,95.4,33.53407287597656,-86.61804962158203,0.08,1.565,86.76,3.0,6227.0,0.0,0.0,
2025-09-05T01:00:44.448Z,29,GR86-036-98,,95.4,33.53407287597656,-86.61804962158203,0.1,1.559,90.79,3.0,,0.0,0.0,132.74
2025-09-05T01:00:44.491Z,29,GR86-036-98,,95.4,33.53407287597656,-86.61804962158203,0.149,1.61,90.87,3.0,,0.0,0.0,
2025-09-05T01:00:44.536Z,29,GR86-036-98,,95.4,33.53410339355469,-86.6180419921875,0.14,1.673,90.86,3.0,,0.0,0.0,
2025-09-05T01:00:44.579Z,29,GR86-036-98,,95.4,33.53410339355469,-86.6180419921875,0.137,1.675,90.44,3.0,,0.0,0.0,
2025-09-05T01:00:44.665Z,29,GR86-036-98,,89.10000000000001,33.53413772583008,-86.61803436279297,0.136,1.634,88.61,3.0,,0.0,0.0,134.41
2025-09-05T01:00:44.708Z,29,GR86-036-98,226.0,83.9,33.5341682434082,-86.61802673339844,0.148,1.594,89.36,3.0,6336.0,0.0,0.0,
2025-09-05T01:00:44.751Z,29,GR86-036-98,,80.10000000000001,33.5341682434082,-86.61802673339844,0.188,1.476,90.05,3.0,,0.0,0.0,
2025-09-05T01:00:44.795Z,29,GR86-036-98,,79.60000000000001,33.534202575683594,-86.61802673339844,0.162,1.504,95.12,3.0,,0.0,0.0,
2025-09-05T01:00:44.838Z,29,GR86-036-98,233.0,79.60000000000001,33.534202575683594,-86.61802673339844,0.177,1.469,95.76,3.0,6356.0,0.0,0.0,
2025-09-05T01:00:44.881Z,29,GR86-036-98,,79.10000000000001,33.534202575683594,-86.61802673339844,0.195,1.497,95.65,3.0,,0.0,0.0,135.23
2025-09-05T01:00:44.925Z,29,GR86-036-98,,76.4,33.534236907958984,-86.6180191040039,0.161,1.431,95.65,3.0,,0.0,0.0,
2025-09-05T01:00:44.968Z,29,GR86-036-98,,72.60000000000001,33.534236907958984,-86.6180191040039,0.194,1.321,95.5,3.0,,0.0,0.0,
2025-09-05T01:00:45.011Z,29,GR86-036-98,,67.8,33.53426742553711,-86.6180191040039,0.187,1.33,95.58,3.0,,0.0,0.0,
2025-09-05T01:00:45.055Z,29,GR86-036-98,241.0,59.3,33.53426742553711,-86.6180191040039,0.191,1.252,95.68,3.0,6398.0,0.0,0.0,
2025-09-05T01:00:45.098Z,29,GR86-036-98,,54.3,33.5343017578125,-86.6180191040039,0.226,1.188,95.43,3.0,,0.0,0.0,135.67000000000002
2025-09-05T01:00:45.141Z,29,GR86-036-98,,49.1,33.5343017578125,-86.6180191040039,0.18,1.192,95.03,3.0,,0.0,0.0,
2025-09-05T01:00:45.185Z,29,GR86-036-98,,43.5,33.5343017578125,-86.6180191040039,0.187,1.147,93.75,3.0,,0.0,0.0,
2025-09-05T01:00:45.228Z,29,GR86-036-98,,38.8,33.53433609008789,-86.6180191040039,0.231,1.181,92.98,3.0,,0.0,0.0,
2025-09-05T01:00:45.271Z,29,GR86-036-98,248.0,36.6,33.53433609008789,-86.6180191040039,0.233,1.23,93.14,3.0,6454.0,0.0,0.0,
2025-09-05T01:00:45.314Z,29,GR86-036-98,,36.4,33.53437042236328,-86.61802673339844,0.223,1.286,93.65,3.0,,0.0,0.0,136.31
2025-09-05T01:00:45.358Z,29,GR86-036-98,,36.4,33.53437042236328,-86.61802673339844,0.25,1.342,94.08,3.0,,0.0,0.0,
2025-09-05T01:00:45.401Z,29,GR86-036-98,,43.2,33.534400939941406,-86.61802673339844,0.23,1.351,94.46,3.0,,0.0,0.0,
2025-09-05T01:00:45.447Z,29,GR86-036-98,,53.5,33.534400939941406,-86.61802673339844,0.223,1.363,95.49,3.0,,0.0,0.0,
2025-09-05T01:00:45.490Z,29,GR86-036-98,256.0,63.8,33.534400939941406,-86.61802673339844,0.217,1.337,98.7,3.0,6513.0,0.0,0.0,
2025-09-05T01:00:45.535Z,29,GR86-036-98,,74.60000000000001,33.5344352722168,-86.61803436279297,0.195,1.19,100.0,3.0,,0.0,0.0,137.68
2025-09-05T01:00:45.578Z,29,GR86-036-98,,76.9,33.5344352722168,-86.61803436279297,0.172,1.157,100.0,3.0,,0.0,0.0,
2025-09-05T01:00:45.621Z,29,GR86-036-98,,77.0,33.53446960449219,-86.6180419921875,0.162,1.202,100.0,3.0,,0.0,0.0,
2025-09-05T01:00:45.664Z,29,GR86-036-98,,77.0,33.53446960449219,-86.6180419921875,0.159,1.207,100.0,3.0,,0.0,0.0,
2025-09-05T01:00:45.707Z,29,GR86-036-98,263.0,76.80000000000001,33.53450393676758,-86.61804962158203,0.195,1.237,100.0,3.0,6478.0,0.0,0.0,
2025-09-05T01:00:45.750Z,29,GR86-036-98,,72.4,33.53450393676758,-86.61804962158203,0.144,1.399,100.0,3.0,,0.0,0.0,138.13
2025-09-05T01:00:45.795Z,29,GR86-036-98,,56.5,33.5345344543457,-86.6180648803711,0.18,1.446,100.0,3.0,,0.0,0.0,
2025-09-05T01:00:45.838Z,29,GR86-036-98,,42.5,33.5345344543457,-86.6180648803711,0.227,1.433,100.0,3.0,,0.0,0.0,
2025-09-05T01:00:45.881Z,29,GR86-036-98,,32.800000000000004,33.5345344543457,-86.6180648803711,0.169,1.47,100.0,3.0,,0.0,0.0,
2025-09-05T01:00:45.924Z,29,GR86-036-98,271.0,30.0,33.534568786621094,-86.61807250976562,0.295,1.347,100.0,3.0,6563.0,0.0,0.0,
2025-09-05T01:00:45.968Z,29,GR86-036-98,,30.0,33.534568786621094,-86.61807250976562,0.216,1.381,100.0,3.0,,0.0,0.0,140.86
2025-09-05T01:00:46.011Z,29,GR86-036-98,,30.0,33.534603118896484,-86.61808776855469,0.238,1.257,100.0,3.0,,0.0,0.0,
2025-09-05T01:00:46.055Z,29,GR86-036-98,,31.0,33.534603118896484,-86.61808776855469,0.287,1.122,100.0,3.0,,0.0,0.0,
2025-09-05T01:00:46.098Z,29,GR86-036-98,,31.0,33.53463363647461,-86.61810302734375,0.211,1.107,100.0,3.0,,0.0,0.0,
2025-09-05T01:00:46.141Z,29,GR86-036-98,287.0,26.1,33.53463363647461,-86.61810302734375,0.2,0.896,100.0,3.0,6592.0,0.0,0.0,
2025-09-05T01:00:46.185Z,29,GR86-036-98,,13.8,33.53466796875,-86.61811828613281,0.259,0.773,100.0,3.0,,0.0,0.0,140.29
2025-09-05T01:00:46.228Z,29,GR86-036-98,,4.9,33.53466796875,-86.61811828613281,0.259,0.587,100.0,3.0,,0.0,0.0,
2025-09-05T01:00:46.271Z,29,GR86-036-98,,-2.0,33.53466796875,-86.61811828613281,0.211,0.431,100.0,3.0,,0.0,0.0,
2025-09-05T01:00:46.314Z,29,GR86-036-98,,-7.2,33.534698486328125,-86.61813354492188,0.233,0.126,100.0,3.0,,0.0,0.0,
2025-09-05T01:00:46.358Z,29,GR86-036-98,295.0,-9.2,33.534698486328125,-86.61813354492188,0.171,-0.034,100.0,3.0,6596.0,0.0,0.0,
2025-09-05T01:00:46.401Z,29,GR86-036-98,,-13.3,33.53473281860352,-86.61814880371094,0.163,-0.187,100.0,3.0,,0.0,0.0,141.15
2025-09-05T01:00:46.446Z,29,GR86-036-98,,-19.8,33.53473281860352,-86.61814880371094,0.213,-0.315,100.0,3.0,,0.0,0.0,
2025-09-05T01:00:46.489Z,29,GR86-036-98,,-26.9,33.53473281860352,-86.61814880371094,0.211,-0.424,100.0,3.0,,0.0,0.0,
2025-09-05T01:00:46.532Z,29,GR86-036-98,,-32.6,33.53476333618164,-86.6181640625,0.163,-0.561,100.0,3.0,,0.0,0.0,
2025-09-05T01:00:46.575Z,29,GR86-036-98,302.0,-36.6,33.53476333618164,-86.6181640625,0.211,-0.729,100.0,3.0,6642.0,0.0,0.0,
2025-09-05T01:00:46.618Z,29,GR86-036-98,,-36.7,33.534793853759766,-86.61817932128906,0.158,-0.8160000000000001,100.0,3.0,,0.0,0.0,141.99
2025-09-05T01:00:46.661Z,29,GR86-036-98,,-36.7,33.534793853759766,-86.61817932128906,0.14,-0.877,100.0,3.0,,0.0,0.0,
2025-09-05T01:00:46.705Z,29,GR86-036-98,,-36.7,33.53482818603516,-86.61819458007812,0.151,-0.895,100.0,3.0,,3.25,3.37,
2025-09-05T01:00:46.748Z,29,GR86-036-98,,-36.8,33.53482818603516,-86.61819458007812,0.176,-0.896,100.0,3.0,,4.9,5.0200000000000005,
2025-09-05T01:00:46.791Z,29,GR86-036-98,310.0,-36.8,33.53482818603516,-86.61819458007812,0.151,-0.896,100.0,3.0,6711.0,8.27,8.485,
2025-09-05T01:00:46.835Z,29,GR86-036-98,,-36.8,33.53485870361328,-86.61821746826172,0.011,-0.99,68.55,3.0,,22.065,21.9,142.62
2025-09-05T01:00:46.878Z,29,GR86-036-98,,-36.8,33.53485870361328,-86.61821746826172,-0.213,-0.946,19.82,3.0,,37.02,36.55,
2025-09-05T01:00:46.921Z,29,GR86-036-98,,-35.800000000000004,33.53489303588867,-86.61822509765625,-0.443,-0.897,0.0,3.0,,51.81,51.06,
2025-09-05T01:00:46.964Z,29,GR86-036-98,,-31.200000000000003,33.53489303588867,-86.61822509765625,-0.634,-0.792,0.0,3.0,,65.62,64.61,
2025-09-05T01:00:47.007Z,29,GR86-036-98,318.0,-25.700000000000003,33.53492736816406,-86.61824035644531,-0.927,-0.6880000000000001,0.0,3.0,6697.0,76.42,75.215,
2025-09-05T01:00:47.050Z,29,GR86-036-98,,-19.0,33.53492736816406,-86.61824035644531,-0.775,-0.706,0.0,3.0,,80.68,82.265,142.35
2025-09-05T01:00:47.095Z,29,GR86-036-98,,-10.2,33.53495788574219,-86.61825561523438,-0.833,-0.667,0.0,3.0,,76.895,77.735,
2025-09-05T01:00:47.138Z,29,GR86-036-98,,-8.6,33.53495788574219,-86.61825561523438,-0.989,-0.507,0.24,3.0,,69.935,71.11,
2025-09-05T01:00:47.181Z,29,GR86-036-98,,-8.6,33.53499221801758,-86.6182632446289,-0.903,-0.457,0.24,3.0,,65.175,66.455,
2025-09-05T01:00:47.224Z,29,GR86-036-98,326.0,-8.6,33.53499221801758,-86.6182632446289,-1.033,-0.546,0.43,3.0,5875.0,60.675,61.79,
2025-09-05T01:00:47.267Z,29,GR86-036-98,,-9.4,33.53499221801758,-86.6182632446289,-0.988,-0.468,0.3,3.0,,55.545,56.46,137.66
2025-09-05T01:00:47.310Z,29,GR86-036-98,,-14.8,33.5350227355957,-86.61827850341797,-1.029,-0.492,0.11,3.0,,49.96,51.505,
2025-09-05T01:00:47.355Z,29,GR86-036-98,,-23.5,33.5350227355957,-86.61827850341797,-0.892,-0.713,0.0,3.0,,45.215,46.465,
2025-09-05T01:00:47.398Z,29,GR86-036-98,,-25.6,33.53505325317383,-86.6182861328125,-0.865,-0.684,0.0,3.0,,45.965,46.59,
2025-09-05T01:00:47.485Z,29,GR86-036-98,,-25.6,33.53508377075195,-86.61829376220703,-0.911,-0.761,0.0,3.0,,47.84,48.205,129.49
2025-09-05T01:00:47.528Z,29,GR86-036-98,333.0,-25.6,33.53505325317383,-86.6182861328125,-0.842,-0.727,0.0,3.0,5754.0,47.49,47.705,
2025-09-05T01:00:47.571Z,29,GR86-036-98,,-10.7,33.53508377075195,-86.61829376220703,-0.869,-0.686,0.0,3.0,,40.3,41.735,
2025-09-05T01:00:47.614Z,29,GR86-036-98,,-0.1,33.53511428833008,-86.61830139160156,-0.667,-0.599,0.0,2.0,,31.68,33.25,
2025-09-05T01:00:47.657Z,29,GR86-036-98,340.0,2.9000000000000004,33.53511428833008,-86.61830139160156,-0.8290000000000001,-0.581,0.0,2.0,5350.0,25.545,26.6,
2025-09-05T01:00:47.700Z,29,GR86-036-98,,2.9000000000000004,33.5351448059082,-86.6183090209961,-0.864,-0.403,0.0,2.0,,25.775,26.905,124.67
2025-09-05T01:00:47.746Z,29,GR86-036-98,,-6.0,33.5351448059082,-86.6183090209961,-0.671,-0.726,0.0,2.0,,26.935,27.375,
2025-09-05T01:00:47.789Z,29,GR86-036-98,,-15.8,33.53517150878906,-86.61831665039062,-0.853,-0.811,0.0,2.0,,26.17,26.535,
2025-09-05T01:00:47.835Z,29,GR86-036-98,,-20.3,33.53517150878906,-86.61831665039062,-0.591,-0.84,0.0,2.0,,27.405,28.4,
2025-09-05T01:00:47.878Z,29,GR86-036-98,347.0,-20.5,33.53520202636719,-86.61832427978516,-0.63,-0.971,0.0,2.0,5947.0,28.035,28.965,
2025-09-05T01:00:47.921Z,29,GR86-036-98,,-22.200000000000003,33.53520202636719,-86.61832427978516,-0.511,-0.808,0.0,2.0,,25.605,25.925,118.98
2025-09-05T01:00:47.965Z,29,GR86-036-98,,-27.700000000000003,33.53520202636719,-86.61832427978516,-0.686,-0.8280000000000001,0.44,2.0,,23.335,23.835,
2025-09-05T01:00:48.008Z,29,GR86-036-98,,-34.1,33.53522872924805,-86.61832427978516,-0.558,-0.847,0.15,2.0,,19.79,20.785,
2025-09-05T01:00:48.051Z,29,GR86-036-98,,-38.400000000000006,33.53522872924805,-86.61832427978516,-0.517,-0.974,0.0,2.0,,16.19,17.150000000000002,
2025-09-05T01:00:48.095Z,29,GR86-036-98,353.0,-40.400000000000006,33.535255432128906,-86.61833190917969,-0.491,-0.954,0.0,2.0,6105.0,14.025,14.97,
2025-09-05T01:00:48.138Z,29,GR86-036-98,,-41.6,33.535255432128906,-86.61833190917969,-0.429,-0.938,0.0,2.0,,13.4,14.3,109.1
2025-09-05T01:00:48.181Z,29,GR86-036-98,,-42.0,33.535282135009766,-86.61833190917969,-0.512,-0.94,0.42,2.0,,12.62,13.46,
2025-09-05T01:00:48.224Z,29,GR86-036-98,,-42.0,33.535282135009766,-86.61833190917969,-0.431,-0.992,0.31,2.0,,10.62,11.49,
2025-09-05T01:00:48.268Z,29,GR86-036-98,,-37.1,33.535282135009766,-86.61833190917969,-0.389,-0.923,0.21,2.0,,7.43,8.33,
2025-09-05T01:00:48.311Z,29,GR86-036-98,359.0,-30.0,33.535308837890625,-86.61833190917969,-0.265,-0.992,0.14,2.0,5955.0,5.555,6.365,
2025-09-05T01:00:48.355Z,29,GR86-036-98,,-28.8,33.535308837890625,-86.61833190917969,-0.254,-0.876,0.39,2.0,,5.28,5.9350000000000005,105.91
2025-09-05T01:00:48.399Z,29,GR86-036-98,,-35.300000000000004,33.535335540771484,-86.61833190917969,-0.321,-0.924,0.39,2.0,,5.9350000000000005,6.2700000000000005,
2025-09-05T01:00:48.442Z,29,GR86-036-98,,-42.6,33.535335540771484,-86.61833190917969,-0.276,-0.928,0.2,2.0,,6.835,6.99,
2025-09-05T01:00:48.485Z,29,GR86-036-98,,-45.6,33.535335540771484,-86.61833190917969,-0.334,-0.977,0.04,2.0,,7.295,7.675,
2025-09-05T01:00:48.528Z,29,GR86-036-98,365.0,-45.6,33.53535842895508,-86.61833190917969,-0.302,-1.022,0.08,2.0,5806.0,7.675,8.09,
2025-09-05T01:00:48.571Z,29,GR86-036-98,,-40.3,33.53535842895508,-86.61833190917969,-0.3,-0.944,0.2,2.0,,7.98,8.18,103.41
2025-09-05T01:00:48.614Z,29,GR86-036-98,,-27.0,33.53538513183594,-86.61833190917969,-0.344,-0.861,0.93,2.0,,7.98,8.395,
2025-09-05T01:00:48.657Z,29,GR86-036-98,,-26.1,33.53538513183594,-86.61833190917969,-0.309,-0.801,1.37,2.0,,8.24,8.545,
2025-09-05T01:00:48.700Z,29,GR86-036-98,,-32.0,33.53540802001953,-86.61833190917969,-0.312,-0.791,1.4,2.0,,8.605,8.975,
2025-09-05T01:00:48.746Z,29,GR86-036-98,377.0,-42.900000000000006,33.53540802001953,-86.61833190917969,-0.314,-0.862,1.39,2.0,5546.0,9.065,9.4,
2025-09-05T01:00:48.789Z,29,GR86-036-98,,-50.900000000000006,33.53543472290039,-86.61832427978516,-0.326,-0.918,1.07,2.0,,9.72,9.845,100.97
2025-09-05T01:00:48.832Z,29,GR86-036-98,,-52.6,33.53543472290039,-86.61832427978516,-0.335,-0.969,0.97,2.0,,10.055,10.315,
2025-09-05T01:00:48.875Z,29,GR86-036-98,,-50.3,33.535457611083984,-86.61832427978516,-0.328,-0.98,0.93,2.0,,10.055,10.47,
2025-09-05T01:00:48.918Z,29,GR86-036-98,,-41.0,33.535457611083984,-86.61832427978516,-0.388,-1.003,1.14,2.0,,10.15,10.47,
2025-09-05T01:00:48.961Z,29,GR86-036-98,382.0,-34.6,33.535457611083984,-86.61832427978516,-0.35,-0.888,1.6,2.0,5362.0,10.085,10.65,
2025-09-05T01:00:49.004Z,29,GR86-036-98,,-32.7,33.53548049926758,-86.61831665039062,-0.363,-0.945,2.06,2.0,,10.15,10.805,98.46
2025-09-05T01:00:49.048Z,29,GR86-036-98,,-32.7,33.53548049926758,-86.61831665039062,-0.334,-0.898,2.33,2.0,,8.85,9.46,
2025-09-05T01:00:49.091Z,29,GR86-036-98,,-34.2,33.53550338745117,-86.6183090209961,-0.277,-0.947,2.42,2.0,,3.905,4.6850000000000005,
2025-09-05T01:00:49.135Z,29,GR86-036-98,,-46.400000000000006,33.53550338745117,-86.6183090209961,-0.213,-1.041,2.25,2.0,,0.0,0.0,
2025-09-05T01:00:49.178Z,29,GR86-036-98,387.0,-53.8,33.53550338745117,-86.6183090209961,-0.176,-1.034,2.15,2.0,5260.0,0.0,0.0,
2025-09-05T01:00:49.221Z,29,GR86-036-98,,-57.5,33.535526275634766,-86.61830139160156,-0.184,-1.051,2.13,2.0,,0.0,0.0,96.23
2025-09-05T01:00:49.264Z,29,GR86-036-98,,-58.2,33.535526275634766,-86.61830139160156,-0.158,-1.044,2.13,2.0,,0.0,0.0,
2025-09-05T01:00:49.307Z,29,GR86-036-98,,-58.2,33.53554916381836,-86.61829376220703,-0.181,-1.042,2.15,2.0,,0.0,0.0,
2025-09-05T01:00:49.350Z,29,GR86-036-98,,-58.2,33.53554916381836,-86.61829376220703,-0.17,-1.006,2.18,2.0,,0.0,0.0,
2025-09-05T01:00:49.395Z,29,GR86-036-98,393.0,-58.2,33.53557205200195,-86.6182861328125,-0.169,-1.036,2.04,2.0,5209.0,0.0,0.0,
2025-09-05T01:00:49.438Z,29,GR86-036-98,,-58.2,33.53557205200195,-86.6182861328125,-0.198,-1.028,2.11,2.0,,0.0,0.0,94.4
2025-09-05T01:00:49.481Z,29,GR86-036-98,,-57.900000000000006,33.53559112548828,-86.61827850341797,-0.164,-1.017,2.16,2.0,,0.0,0.0,
2025-09-05T01:00:49.524Z,29,GR86-036-98,,-54.900000000000006,33.53559112548828,-86.61827850341797,-0.188,-1.008,2.3000000000000003,2.0,,0.0,0.0,
2025-09-05T01:00:49.567Z,29,GR86-036-98,,-51.400000000000006,33.53559112548828,-86.61827850341797,-0.162,-1.0,2.2,2.0,,0.0,0.0,
2025-09-05T01:00:49.610Z,29,GR86-036-98,398.0,-49.900000000000006,33.535614013671875,-86.6182632446289,-0.176,-0.952,2.27,2.0,5146.0,0.0,0.0,
2025-09-05T01:00:49.655Z,29,GR86-036-98,,-50.0,33.535614013671875,-86.6182632446289,-0.149,-0.96,2.56,2.0,,0.0,0.0,93.21
2025-09-05T01:00:49.698Z,29,GR86-036-98,,-60.0,33.5356330871582,-86.61825561523438,-0.163,-1.0,2.62,2.0,,0.0,0.0,
2025-09-05T01:00:49.741Z,29,GR86-036-98,,-69.7,33.5356330871582,-86.61825561523438,-0.176,-1.065,2.62,2.0,,0.0,0.0,
2025-09-05T01:00:49.785Z,29,GR86-036-98,,-75.3,33.53565216064453,-86.61824035644531,-0.183,-1.106,3.25,2.0,,0.0,0.0,
2025-09-05T01:00:49.828Z,29,GR86-036-98,403.0,-75.7,33.53565216064453,-86.61824035644531,-0.198,-1.13,6.66,2.0,5081.0,0.0,0.0,
2025-09-05T01:00:49.871Z,29,GR86-036-98,,-75.7,33.53565216064453,-86.61824035644531,-0.182,-1.095,12.24,2.0,,0.0,0.0,92.14
2025-09-05T01:00:49.914Z,29,GR86-036-98,,-70.10000000000001,33.53567123413086,-86.61822509765625,-0.201,-1.109,22.51,2.0,,0.0,0.0,
2025-09-05T01:00:49.957Z,29,GR86-036-98,,-70.0,33.53567123413086,-86.61822509765625,-0.14,-1.113,24.85,2.0,,0.0,0.0,
2025-09-05T01:00:50.000Z,29,GR86-036-98,,-70.0,33.53569030761719,-86.61820983886719,-0.137,-1.139,26.76,2.0,,0.0,0.0,
2025-09-05T01:00:50.046Z,29,GR86-036-98,408.0,-75.2,33.53569030761719,-86.61820983886719,-0.116,-1.156,28.39,2.0,5010.0,0.0,0.0,
2025-09-05T01:00:50.089Z,29,GR86-036-98,,-80.60000000000001,33.53570938110352,-86.61819458007812,-0.081,-1.131,28.06,2.0,,0.0,0.0,91.01
2025-09-05T01:00:50.132Z,29,GR86-036-98,,-83.0,33.53570938110352,-86.61819458007812,0.139,-1.164,26.16,2.0,,0.0,0.0,
2025-09-05T01:00:50.175Z,29,GR86-036-98,,-83.7,33.53570938110352,-86.61819458007812,0.071,-1.138,26.36,2.0,,0.0,0.0,
2025-09-05T01:00:50.218Z,29,GR86-036-98,,-83.80000000000001,33.53572463989258,-86.61817932128906,0.064,-1.177,26.1,2.0,,0.0,0.0,
2025-09-05T01:00:50.261Z,29,GR86-036-98,413.0,-84.2,33.53572463989258,-86.61817932128906,0.019,-1.19,21.07,2.0,5342.0,0.0,0.0,
2025-09-05T01:00:50.305Z,29,GR86-036-98,,-84.60000000000001,33.53573989868164,-86.6181640625,0.012,-1.218,12.43,2.0,,0.0,0.0,90.2
2025-09-05T01:00:50.348Z,29,GR86-036-98,,-84.9,33.53573989868164,-86.6181640625,0.029,-1.153,10.55,2.0,,0.0,0.0,
2025-09-05T01:00:50.391Z,29,GR86-036-98,,-85.0,33.53573989868164,-86.6181640625,0.037,-1.113,12.31,2.0,,0.0,0.0,
2025-09-05T01:00:50.435Z,29,GR86-036-98,,-85.4,33.5357551574707,-86.6181411743164,0.021,-1.15,12.86,2.0,,0.0,0.0,
2025-09-05T01:00:50.478Z,29,GR86-036-98,418.0,-85.5,33.535770416259766,-86.61812591552734,-0.039,-1.126,12.84,2.0,5206.0,0.0,0.0,
2025-09-05T01:00:50.521Z,29,GR86-036-98,,-85.5,33.535770416259766,-86.61812591552734,-0.035,-1.112,13.01,2.0,,0.0,0.0,89.89
2025-09-05T01:00:50.564Z,29,GR86-036-98,,-85.60000000000001,33.535770416259766,-86.61812591552734,-0.044,-1.107,13.6,2.0,,0.0,0.0,
2025-09-05T01:00:50.607Z,29,GR86-036-98,,-85.60000000000001,33.53578567504883,-86.61810302734375,0.003,-1.101,13.83,2.0,,0.0,0.0,
2025-09-05T01:00:50.650Z,29,GR86-036-98,,-85.60000000000001,33.53578567504883,-86.61810302734375,-0.02,-1.101,14.68,2.0,,0.0,0.0,
2025-09-05T01:00:50.695Z,29,GR86-036-98,423.0,-85.7,33.535797119140625,-86.61808013916016,0.007,-1.163,15.58,2.0,5173.0,0.0,0.0,
2025-09-05T01:00:50.738Z,29,GR86-036-98,,-85.7,33.535797119140625,-86.61808013916016,0.011,-1.167,16.35,2.0,,0.0,0.0,90.38
2025-09-05T01:00:50.781Z,29,GR86-036-98,,-85.7,33.53580856323242,-86.61805725097656,0.026,-1.16,15.91,2.0,,0.0,0.0,
2025-09-05T01:00:50.824Z,29,GR86-036-98,,-85.7,33.53580856323242,-86.61805725097656,0.042,-1.145,11.7,2.0,,0.0,0.0,
2025-09-05T01:00:50.867Z,29,GR86-036-98,,-85.7,33.53580856323242,-86.61805725097656,0.03,-1.146,5.33,2.0,,0.0,0.0,
2025-09-05T01:00:50.910Z,29,GR86-036-98,428.0,-85.80000000000001,33.53582000732422,-86.61803436279297,0.019,-1.191,4.0600000000000005,2.0,5245.0,0.0,0.0,
2025-09-05T01:00:50.955Z,29,GR86-036-98,,-85.80000000000001,33.53582000732422,-86.61803436279297,-0.088,-1.184,15.2,2.0,,0.0,0.0,90.99
2025-09-05T01:00:50.998Z,29,GR86-036-98,,-85.7,33.535831451416016,-86.61801147460938,-0.108,-1.175,35.26,2.0,,0.0,0.0,
2025-09-05T01:00:51.041Z,29,GR86-036-98,,-85.80000000000001,33.535831451416016,-86.61801147460938,-0.144,-1.142,52.42,2.0,,0.0,0.0,
2025-09-05T01:00:51.085Z,29,GR86-036-98,,-85.80000000000001,33.53584289550781,-86.61798858642578,-0.117,-1.088,58.92,2.0,,0.0,0.0,
2025-09-05T01:00:51.128Z,29,GR86-036-98,433.0,-85.80000000000001,33.53584289550781,-86.61798858642578,-0.128,-1.115,60.1,2.0,5254.0,0.0,0.0,
2025-09-05T01:00:51.171Z,29,GR86-036-98,,-85.80000000000001,33.53584289550781,-86.61798858642578,0.081,-1.07,60.2,2.0,,0.0,0.0,91.49
2025-09-05T01:00:51.214Z,29,GR86-036-98,,-85.80000000000001,33.535850524902344,-86.61796569824219,0.166,-1.167,65.3,2.0,,0.0,0.0,
2025-09-05T01:00:51.258Z,29,GR86-036-98,,-85.80000000000001,33.535850524902344,-86.61796569824219,0.176,-1.151,70.38,2.0,,0.0,0.0,
2025-09-05T01:00:51.301Z,29,GR86-036-98,,-85.80000000000001,33.535858154296875,-86.6179428100586,0.18,-1.137,73.31,2.0,,0.0,0.0,
2025-09-05T01:00:51.346Z,29,GR86-036-98,443.0,-85.80000000000001,33.535858154296875,-86.6179428100586,0.166,-1.175,74.59,2.0,5447.0,0.0,0.0,
2025-09-05T01:00:51.389Z,29,GR86-036-98,,-85.80000000000001,33.535865783691406,-86.61791229248047,0.169,-1.169,76.28,2.0,,0.0,0.0,91.78
2025-09-05T01:00:51.432Z,29,GR86-036-98,,-85.80000000000001,33.535865783691406,-86.61791229248047,0.147,-1.19,76.60000000000001,2.0,,0.0,0.0,
2025-09-05T01:00:51.475Z,29,GR86-036-98,,-85.9,33.53587341308594,-86.61788940429688,0.207,-1.15,75.61,2.0,,0.0,0.0,
2025-09-05T01:00:51.518Z,29,GR86-036-98,,-85.80000000000001,33.53587341308594,-86.61788940429688,0.193,-1.168,75.39,2.0,,0.0,0.0,
2025-09-05T01:00:51.561Z,29,GR86-036-98,448.0,-85.9,33.53587341308594,-86.61788940429688,0.181,-1.107,74.94,2.0,5564.0,0.0,0.0,
2025-09-05T01:00:51.605Z,29,GR86-036-98,,-85.80000000000001,33.5358772277832,-86.61785888671875,0.155,-1.178,74.59,2.0,,0.0,0.0,93.3
2025-09-05T01:00:51.648Z,29,GR86-036-98,,-85.80000000000001,33.5358772277832,-86.61785888671875,0.166,-1.194,75.49,2.0,,0.0,0.0,
2025-09-05T01:00:51.691Z,29,GR86-036-98,,-85.80000000000001,33.53588104248047,-86.61782836914062,0.177,-1.23,76.24,2.0,,0.0,0.0,
2025-09-05T01:00:51.736Z,29,GR86-036-98,,-85.80000000000001,33.53588104248047,-86.61782836914062,0.196,-1.184,79.41,2.0,,0.0,0.0,
2025-09-05T01:00:51.779Z,29,GR86-036-98,454.0,-85.80000000000001,33.53588104248047,-86.61780548095703,0.179,-1.172,88.76,2.0,5707.0,0.0,0.0,
2025-09-05T01:00:51.822Z,29,GR86-036-98,,-85.80000000000001,33.53588104248047,-86.61780548095703,0.201,-1.14,99.37,2.0,,0.0,0.0,94.86
2025-09-05T01:00:51.865Z,29,GR86-036-98,,-84.0,33.53588104248047,-86.61780548095703,0.174,-1.145,100.0,2.0,,0.0,0.0,
2025-09-05T01:00:51.908Z,29,GR86-036-98,,-81.4,33.535884857177734,-86.6177749633789,0.162,-1.14,100.0,2.0,,0.0,0.0,
2025-09-05T01:00:51.951Z,29,GR86-036-98,,-75.7,33.535884857177734,-86.6177749633789,0.176,-1.169,100.0,2.0,,0.0,0.0,
2025-09-05T01:00:51.995Z,29,GR86-036-98,459.0,-57.6,33.535884857177734,-86.61774444580078,0.187,-1.234,100.0,2.0,5821.0,0.0,0.0,
2025-09-05T01:00:52.038Z,29,GR86-036-98,,-45.400000000000006,33.535884857177734,-86.61774444580078,0.222,-1.195,100.0,2.0,,0.0,0.0,96.55
2025-09-05T01:00:52.081Z,29,GR86-036-98,,-37.9,33.535884857177734,-86.61771392822266,0.218,-1.25,100.0,2.0,,0.0,0.0,
2025-09-05T01:00:52.125Z,29,GR86-036-98,,-36.4,33.535884857177734,-86.61771392822266,0.22,-1.197,100.0,2.0,,0.0,0.0,
2025-09-05T01:00:52.168Z,29,GR86-036-98,,-36.5,33.535884857177734,-86.61771392822266,0.244,-1.214,100.0,2.0,,0.0,0.0,
2025-09-05T01:00:52.211Z,29,GR86-036-98,465.0,-45.2,33.53588104248047,-86.61769104003906,0.219,-1.21,100.0,2.0,5951.0,0.0,0.0,
2025-09-05T01:00:52.255Z,29,GR86-036-98,,-56.2,33.53588104248047,-86.61769104003906,0.211,-1.225,100.0,2.0,,0.0,0.0,98.55
2025-09-05T01:00:52.299Z,29,GR86-036-98,,-56.7,33.5358772277832,-86.61766052246094,0.223,-1.195,100.0,2.0,,0.0,0.0,
2025-09-05T01:00:52.342Z,29,GR86-036-98,,-56.8,33.5358772277832,-86.61766052246094,0.206,-1.206,100.0,2.0,,0.0,0.0,
2025-09-05T01:00:52.385Z,29,GR86-036-98,,-56.8,33.53587341308594,-86.61763000488281,0.219,-1.221,100.0,2.0,,0.0,0.0,
2025-09-05T01:00:52.428Z,29,GR86-036-98,470.0,-56.8,33.53587341308594,-86.61763000488281,0.181,-1.281,100.0,2.0,6057.0,0.0,0.0,
2025-09-05T01:00:52.471Z,29,GR86-036-98,,-56.8,33.53587341308594,-86.61763000488281,0.216,-1.296,100.0,2.0,,0.0,0.0,100.7
2025-09-05T01:00:52.514Z,29,GR86-036-98,,-58.5,33.53586959838867,-86.61759948730469,0.206,-1.338,100.0,2.0,,0.0,0.0,
2025-09-05T01:00:52.558Z,29,GR86-036-98,,-58.5,33.53586959838867,-86.61759948730469,0.193,-1.328,100.0,2.0,,0.0,0.0,
2025-09-05T01:00:52.601Z,29,GR86-036-98,,-58.5,33.53586196899414,-86.61756896972656,0.212,-1.302,100.0,2.0,,0.0,0.0,
2025-09-05T01:00:52.646Z,29,GR86-036-98,476.0,-58.5,33.53586196899414,-86.61756896972656,0.226,-1.257,100.0,2.0,6167.0,0.0,0.0,
2025-09-05T01:00:52.689Z,29,GR86-036-98,,-58.5,33.53585433959961,-86.61753845214844,0.196,-1.235,100.0,2.0,,0.0,0.0,102.22
2025-09-05T01:00:52.732Z,29,GR86-036-98,,-58.5,33.53585433959961,-86.61753845214844,0.19,-1.232,100.0,2.0,,0.0,0.0,
2025-09-05T01:00:52.775Z,29,GR86-036-98,,-58.5,33.53584671020508,-86.61751556396484,0.196,-1.229,100.0,2.0,,0.0,0.0,
2025-09-05T01:00:52.818Z,29,GR86-036-98,,-58.6,33.53584671020508,-86.61751556396484,0.183,-1.265,100.0,2.0,,0.0,0.0,
2025-09-05T01:00:52.861Z,29,GR86-036-98,482.0,-58.5,33.53584671020508,-86.61751556396484,0.203,-1.163,100.0,2.0,6250.0,0.0,0.0,
2025-09-05T01:00:52.905Z,29,GR86-036-98,,-55.6,33.53583526611328,-86.61748504638672,0.206,-1.201,100.0,2.0,,0.0,0.0,104.12
2025-09-05T01:00:52.948Z,29,GR86-036-98,,-48.900000000000006,33.53583526611328,-86.61748504638672,0.215,-1.145,100.0,2.0,,0.0,0.0,
2025-09-05T01:00:52.991Z,29,GR86-036-98,,-41.7,33.535823822021484,-86.6174545288086,0.198,-1.182,100.0,2.0,,0.0,0.0,
2025-09-05T01:00:53.035Z,29,GR86-036-98,,-37.1,33.535823822021484,-86.6174545288086,0.216,-1.19,100.0,2.0,,0.0,0.0,
2025-09-05T01:00:53.078Z,29,GR86-036-98,487.0,-37.1,33.53581237792969,-86.617431640625,0.206,-1.274,100.0,2.0,6373.0,0.0,0.0,
2025-09-05T01:00:53.121Z,29,GR86-036-98,,-37.1,33.53581237792969,-86.617431640625,0.198,-1.326,100.0,2.0,,0.0,0.0,105.76
2025-09-05T01:00:53.164Z,29,GR86-036-98,,-38.0,33.53581237792969,-86.617431640625,0.233,-1.325,100.0,2.0,,0.0,0.0,
2025-09-05T01:00:53.207Z,29,GR86-036-98,,-38.0,33.53580093383789,-86.61740112304688,0.238,-1.312,100.0,2.0,,0.0,0.0,
2025-09-05T01:00:53.250Z,29,GR86-036-98,,-38.1,33.53580093383789,-86.61740112304688,0.219,-1.265,100.0,2.0,,0.0,0.0,
2025-09-05T01:00:53.295Z,29,GR86-036-98,493.0,-31.8,33.53578567504883,-86.61737823486328,0.234,-1.198,100.0,2.0,6477.0,0.0,0.0,
2025-09-05T01:00:53.338Z,29,GR86-036-98,,-29.6,33.53578567504883,-86.61737823486328,0.244,-1.231,100.0,2.0,,0.0,0.0,110.09
2025-09-05T01:00:53.381Z,29,GR86-036-98,,-29.6,33.535770416259766,-86.61734771728516,0.233,-1.139,100.0,2.0,,0.0,0.0,
2025-09-05T01:00:53.424Z,29,GR86-036-98,,-32.0,33.535770416259766,-86.61734771728516,0.245,-1.138,100.0,2.0,,0.0,0.0,
2025-09-05T01:00:53.467Z,29,GR86-036-98,,-39.400000000000006,33.535770416259766,-86.61734771728516,0.209,-1.12,100.0,2.0,,0.0,0.0,
2025-09-05T01:00:53.510Z,29,GR86-036-98,499.0,-43.6,33.5357551574707,-86.61732482910156,0.218,-1.166,100.0,2.0,6538.0,0.0,0.0,
2025-09-05T01:00:53.555Z,29,GR86-036-98,,-44.3,33.5357551574707,-86.61732482910156,0.213,-1.1,100.0,2.0,,0.0,0.0,111.81
2025-09-05T01:00:53.598Z,29,GR86-036-98,,-45.7,33.53573989868164,-86.61730194091797,0.249,-1.086,100.0,2.0,,0.0,0.0,
2025-09-05T01:00:53.641Z,29,GR86-036-98,,-48.900000000000006,33.53573989868164,-86.61730194091797,0.2,-1.089,100.0,2.0,,0.0,0.0,
2025-09-05T01:00:53.685Z,29,GR86-036-98,,-52.1,33.53573989868164,-86.61730194091797,0.199,-1.14,100.0,2.0,,0.0,0.0,
2025-09-05T01:00:53.728Z,29,GR86-036-98,506.0,-53.2,33.53572082519531,-86.61727142333984,0.198,-1.16,100.0,2.0,6626.0,0.0,0.0,
2025-09-05T01:00:53.771Z,29,GR86-036-98,,-53.2,33.53572082519531,-86.61727142333984,0.189,-1.211,100.0,2.0,,0.0,0.0,112.9
2025-09-05T01:00:53.814Z,29,GR86-036-98,,-53.3,33.535701751708984,-86.61724853515625,0.186,-1.223,100.0,2.0,,0.0,0.0,
2025-09-05T01:00:53.858Z,29,GR86-036-98,,-53.3,33.535701751708984,-86.61724853515625,0.211,-1.229,100.0,2.0,,0.0,0.0,
2025-09-05T01:00:53.901Z,29,GR86-036-98,,-54.5,33.535682678222656,-86.61722564697266,0.175,-1.216,100.0,2.0,,0.0,0.0,
2025-09-05T01:00:53.946Z,29,GR86-036-98,518.0,-58.8,33.535682678222656,-86.61722564697266,0.195,-1.221,100.0,2.0,6820.0,0.0,0.0,
2025-09-05T01:00:53.989Z,29,GR86-036-98,,-61.2,33.53565979003906,-86.61720275878906,0.195,-1.252,100.0,2.0,,0.0,0.0,115.68
2025-09-05T01:00:54.035Z,29,GR86-036-98,,-61.400000000000006,33.53565979003906,-86.61720275878906,0.179,-1.269,100.0,2.0,,0.0,0.0,
2025-09-05T01:00:54.078Z,29,GR86-036-98,,-61.5,33.53565979003906,-86.61720275878906,0.17,-1.287,100.0,2.0,,0.0,0.0,
2025-09-05T01:00:54.121Z,29,GR86-036-98,,-61.5,33.535640716552734,-86.61717987060547,0.174,-1.279,100.0,2.0,,0.0,0.0,
2025-09-05T01:00:54.164Z,29,GR86-036-98,525.0,-61.5,33.535640716552734,-86.61717987060547,0.2,-1.285,100.0,2.0,6946.0,0.0,0.0,
2025-09-05T01:00:54.207Z,29,GR86-036-98,,-61.5,33.535614013671875,-86.6171646118164,0.17,-1.294,100.0,2.0,,0.0,0.0,117.69
2025-09-05T01:00:54.250Z,29,GR86-036-98,,-61.5,33.535614013671875,-86.6171646118164,0.167,-1.316,100.0,2.0,,0.0,0.0,
2025-09-05T01:00:54.295Z,29,GR86-036-98,,-61.6,33.53559112548828,-86.61714172363281,0.165,-1.348,100.0,2.0,,0.0,0.0,
2025-09-05T01:00:54.338Z,29,GR86-036-98,,-61.6,33.53559112548828,-86.61714172363281,0.18,-1.371,100.0,2.0,,0.0,0.0,
2025-09-05T01:00:54.381Z,29,GR86-036-98,532.0,-61.6,33.53556442260742,-86.61712646484375,0.187,-1.31,100.0,2.0,7050.0,0.0,0.0,
2025-09-05T01:00:54.424Z,29,GR86-036-98,,-61.6,33.53556442260742,-86.61712646484375,0.174,-1.302,100.0,2.0,,0.0,0.0,120.96
2025-09-05T01:00:54.468Z,29,GR86-036-98,,-61.6,33.53556442260742,-86.61712646484375,0.165,-1.328,100.0,2.0,,0.0,0.0,
2025-09-05T01:00:54.511Z,29,GR86-036-98,,-61.7,33.53553771972656,-86.61711120605469,0.185,-1.282,100.0,2.0,,0.0,0.0,
2025-09-05T01:00:54.555Z,29,GR86-036-98,,-61.7,33.53553771972656,-86.61711120605469,0.208,-1.265,100.0,2.0,,0.0,0.0,
2025-09-05T01:00:54.598Z,29,GR86-036-98,538.0,-61.7,33.5355110168457,-86.6170883178711,0.17,-1.276,100.0,2.0,7151.0,0.0,0.0,
2025-09-05T01:00:54.641Z,29,GR86-036-98,,-61.7,33.5355110168457,-86.6170883178711,0.061,-1.341,100.0,2.0,,0.0,0.0,122.95
2025-09-05T01:00:54.685Z,29,GR86-036-98,,-60.0,33.5355110168457,-86.6170883178711,-0.185,-1.272,100.0,3.0,,0.0,0.0,
2025-09-05T01:00:54.728Z,29,GR86-036-98,,-57.3,33.53548049926758,-86.61707305908203,0.149,-1.266,100.0,3.0,,0.0,0.0,
2025-09-05T01:00:54.771Z,29,GR86-036-98,,-55.2,33.53548049926758,-86.61707305908203,0.344,-1.304,100.0,3.0,,0.0,0.0,
2025-09-05T01:00:54.814Z,29,GR86-036-98,545.0,-55.1,33.53545379638672,-86.6170654296875,0.314,-1.211,100.0,3.0,6708.0,0.0,0.0,
2025-09-05T01:00:54.858Z,29,GR86-036-98,,-55.1,33.53545379638672,-86.6170654296875,0.237,-1.219,100.0,3.0,,0.0,0.0,123.54
2025-09-05T01:00:54.901Z,29,GR86-036-98,,-55.1,33.535423278808594,-86.61705017089844,0.086,-1.213,100.0,3.0,,0.0,0.0,
2025-09-05T01:00:54.946Z,29,GR86-036-98,,-54.900000000000006,33.535423278808594,-86.61705017089844,0.043,-1.203,100.0,3.0,,0.0,0.0,
2025-09-05T01:00:54.989Z,29,GR86-036-98,,-53.900000000000006,33.535396575927734,-86.61703491210938,0.152,-1.18,100.0,3.0,,0.0,0.0,
2025-09-05T01:00:55.035Z,29,GR86-036-98,552.0,-52.400000000000006,33.535396575927734,-86.61703491210938,0.197,-1.176,100.0,3.0,5844.0,0.0,0.0,
2025-09-05T01:00:55.078Z,29,GR86-036-98,,-51.7,33.535396575927734,-86.61703491210938,0.157,-1.19,100.0,3.0,,0.0,0.0,125.05
2025-09-05T01:00:55.121Z,29,GR86-036-98,,-48.900000000000006,33.53536605834961,-86.61702728271484,0.116,-1.267,100.0,3.0,,0.0,0.0,
2025-09-05T01:00:55.165Z,29,GR86-036-98,,-45.8,33.53536605834961,-86.61702728271484,0.147,-1.195,100.0,3.0,,0.0,0.0,
2025-09-05T01:00:55.208Z,29,GR86-036-98,,-41.6,33.535335540771484,-86.61701965332031,0.173,-1.081,100.0,3.0,,0.0,0.0,
2025-09-05T01:00:55.251Z,29,GR86-036-98,559.0,-39.7,33.535335540771484,-86.61701965332031,0.201,-0.998,100.0,3.0,5973.0,0.0,0.0,
2025-09-05T01:00:55.295Z,29,GR86-036-98,,-39.5,33.535301208496094,-86.61701202392578,0.187,-0.886,100.0,3.0,,0.0,0.0,126.66
2025-09-05T01:00:55.338Z,29,GR86-036-98,,-39.5,33.535301208496094,-86.61701202392578,0.155,-0.8200000000000001,100.0,3.0,,0.0,0.0,
2025-09-05T01:00:55.381Z,29,GR86-036-98,,-47.2,33.53527069091797,-86.61701202392578,0.174,-0.777,100.0,3.0,,0.0,0.0,
2025-09-05T01:00:55.424Z,29,GR86-036-98,,-51.3,33.53527069091797,-86.61701202392578,0.158,-0.805,100.0,3.0,,0.0,0.0,
2025-09-05T01:00:55.467Z,29,GR86-036-98,566.0,-51.400000000000006,33.53527069091797,-86.61701202392578,0.143,-0.875,100.0,3.0,6029.0,0.0,0.0,
2025-09-05T01:00:55.510Z,29,GR86-036-98,,-51.1,33.535240173339844,-86.61700439453125,0.112,-0.986,100.0,3.0,,0.0,0.0,128.17000000000002
2025-09-05T01:00:55.555Z,29,GR86-036-98,,-38.8,33.535240173339844,-86.61700439453125,0.132,-0.996,100.0,3.0,,0.0,0.0,
2025-09-05T01:00:55.599Z,29,GR86-036-98,,-30.5,33.53520584106445,-86.61699676513672,0.172,-0.972,100.0,3.0,,0.0,0.0,
2025-09-05T01:00:55.642Z,29,GR86-036-98,,-23.700000000000003,33.53520584106445,-86.61699676513672,0.182,-0.894,100.0,3.0,,0.0,0.0,
2025-09-05T01:00:55.685Z,29,GR86-036-98,574.0,-17.0,33.53520584106445,-86.61699676513672,0.187,-0.891,100.0,3.0,6142.0,0.0,0.0,
2025-09-05T01:00:55.728Z,29,GR86-036-98,,-13.3,33.53517532348633,-86.61699676513672,0.154,-0.793,100.0,3.0,,0.0,0.0,129.14
2025-09-05T01:00:55.771Z,29,GR86-036-98,,-10.8,33.53517532348633,-86.61699676513672,0.183,-0.8170000000000001,100.0,3.0,,0.0,0.0,
2025-09-05T01:00:55.814Z,29,GR86-036-98,,-9.2,33.53514099121094,-86.61698913574219,0.18,-0.796,100.0,3.0,,0.0,0.0,
2025-09-05T01:00:55.858Z,29,GR86-036-98,,-9.2,33.53514099121094,-86.61698913574219,0.252,-0.863,100.0,3.0,,0.0,0.0,
2025-09-05T01:00:55.901Z,29,GR86-036-98,581.0,-19.5,33.53511047363281,-86.61698913574219,0.232,-0.894,100.0,3.0,6218.0,0.0,0.0,
2025-09-05T01:00:55.946Z,29,GR86-036-98,,-24.4,33.53511047363281,-86.61698913574219,0.163,-0.959,100.0,3.0,,0.0,0.0,131.69
2025-09-05T01:00:55.989Z,29,GR86-036-98,,-26.3,33.53511047363281,-86.61698913574219,0.178,-0.99,100.0,3.0,,0.0,0.0,
2025-09-05T01:00:56.032Z,29,GR86-036-98,,-26.3,33.53507614135742,-86.61698913574219,0.184,-0.948,100.0,3.0,,0.0,0.0,
2025-09-05T01:00:56.075Z,29,GR86-036-98,,-26.3,33.53507614135742,-86.61698913574219,0.175,-0.902,100.0,3.0,,0.0,0.0,
2025-09-05T01:00:56.118Z,29,GR86-036-98,588.0,-26.3,33.53504180908203,-86.61698913574219,0.174,-0.888,100.0,3.0,6271.0,0.0,0.0,
2025-09-05T01:00:56.161Z,29,GR86-036-98,,-27.9,33.53504180908203,-86.61698913574219,0.147,-0.895,100.0,3.0,,0.0,0.0,133.48
2025-09-05T01:00:56.205Z,29,GR86-036-98,,-29.1,33.535011291503906,-86.61699676513672,0.169,-0.856,100.0,3.0,,0.0,0.0,
2025-09-05T01:00:56.248Z,29,GR86-036-98,,-29.1,33.535011291503906,-86.61699676513672,0.191,-0.812,100.0,3.0,,0.0,0.0,
2025-09-05T01:00:56.291Z,29,GR86-036-98,,-29.1,33.535011291503906,-86.61699676513672,0.166,-0.8190000000000001,100.0,3.0,,0.0,0.0,
2025-09-05T01:00:56.335Z,29,GR86-036-98,603.0,-29.1,33.53497695922852,-86.61699676513672,0.159,-0.711,100.0,3.0,6326.0,0.0,0.0,
2025-09-05T01:00:56.379Z,29,GR86-036-98,,-29.1,33.53497695922852,-86.61699676513672,0.167,-0.734,100.0,3.0,,0.0,0.0,135.34
2025-09-05T01:00:56.422Z,29,GR86-036-98,,-29.1,33.534942626953125,-86.61699676513672,0.131,-0.704,100.0,3.0,,0.0,0.0,
2025-09-05T01:00:56.465Z,29,GR86-036-98,,-29.1,33.534942626953125,-86.61699676513672,0.211,-0.6980000000000001,100.0,3.0,,0.0,0.0,
2025-09-05T01:00:56.508Z,29,GR86-036-98,,-29.1,33.534912109375,-86.61700439453125,0.174,-0.713,100.0,3.0,,0.0,0.0,
2025-09-05T01:00:56.551Z,29,GR86-036-98,611.0,-29.1,33.534912109375,-86.61700439453125,0.173,-0.741,100.0,3.0,6403.0,0.0,0.0,
2025-09-05T01:00:56.595Z,29,GR86-036-98,,-29.1,33.53487777709961,-86.61701202392578,0.164,-0.773,100.0,3.0,,0.0,0.0,136.51
2025-09-05T01:00:56.638Z,29,GR86-036-98,,-29.1,33.53487777709961,-86.61701202392578,0.171,-0.775,100.0,3.0,,0.0,0.0,
2025-09-05T01:00:56.681Z,29,GR86-036-98,,-30.6,33.53484344482422,-86.61701965332031,0.188,-0.751,100.0,3.0,,0.0,0.0,
2025-09-05T01:00:56.724Z,29,GR86-036-98,,-30.6,33.53484344482422,-86.61701965332031,0.182,-0.737,100.0,3.0,,0.0,0.0,
2025-09-05T01:00:56.767Z,29,GR86-036-98,618.0,-30.6,33.53484344482422,-86.61701965332031,0.158,-0.742,100.0,3.0,6440.0,0.0,0.0,
2025-09-05T01:00:56.810Z,29,GR86-036-98,,-30.6,33.53480911254883,-86.61702728271484,0.164,-0.762,100.0,3.0,,0.0,0.0,137.74
2025-09-05T01:00:56.855Z,29,GR86-036-98,,-30.6,33.53480911254883,-86.61702728271484,0.177,-0.717,100.0,3.0,,0.0,0.0,
2025-09-05T01:00:56.898Z,29,GR86-036-98,,-30.6,33.5347785949707,-86.61703491210938,0.179,-0.739,100.0,3.0,,0.0,0.0,
2025-09-05T01:00:56.941Z,29,GR86-036-98,,-30.6,33.5347785949707,-86.61703491210938,0.181,-0.751,100.0,3.0,,0.0,0.0,
2025-09-05T01:00:56.985Z,29,GR86-036-98,626.0,-30.6,33.5347785949707,-86.61703491210938,0.179,-0.759,100.0,3.0,6492.0,0.0,0.0,
2025-09-05T01:00:57.028Z,29,GR86-036-98,,-30.6,33.53474426269531,-86.6170425415039,0.168,-0.776,100.0,3.0,,0.0,0.0,138.61
2025-09-05T01:00:57.071Z,29,GR86-036-98,,-30.6,33.53474426269531,-86.6170425415039,0.195,-0.772,100.0,3.0,,0.0,0.0,
2025-09-05T01:00:57.114Z,29,GR86-036-98,,-30.6,33.53470993041992,-86.61705017089844,0.178,-0.742,100.0,3.0,,0.0,0.0,
2025-09-05T01:00:57.158Z,29,GR86-036-98,,-30.6,33.53470993041992,-86.61705017089844,0.17,-0.755,100.0,3.0,,0.0,0.0,
2025-09-05T01:00:57.201Z,29,GR86-036-98,634.0,-30.700000000000003,33.5346794128418,-86.61705780029297,0.214,-0.713,100.0,3.0,6517.0,0.0,0.0,
2025-09-05T01:00:57.246Z,29,GR86-036-98,,-30.700000000000003,33.5346794128418,-86.61705780029297,0.191,-0.6950000000000001,100.0,3.0,,0.0,0.0,139.61
2025-09-05T01:00:57.289Z,29,GR86-036-98,,-30.700000000000003,33.534645080566406,-86.61707305908203,0.174,-0.713,100.0,3.0,,0.0,0.0,
2025-09-05T01:00:57.335Z,29,GR86-036-98,,-30.700000000000003,33.534645080566406,-86.61707305908203,0.179,-0.685,100.0,3.0,,0.0,0.0,
2025-09-05T01:00:57.378Z,29,GR86-036-98,,-30.700000000000003,33.534645080566406,-86.61707305908203,0.165,-0.715,100.0,3.0,,0.0,0.0,
2025-09-05T01:00:57.421Z,29,GR86-036-98,641.0,-30.6,33.534610748291016,-86.61708068847656,0.197,-0.725,100.0,3.0,6553.0,0.0,0.0,
2025-09-05T01:00:57.464Z,29,GR86-036-98,,-30.700000000000003,33.534610748291016,-86.61708068847656,0.222,-0.673,100.0,3.0,,0.0,0.0,140.3
2025-09-05T01:00:57.507Z,29,GR86-036-98,,-30.700000000000003,33.53458023071289,-86.61709594726562,0.173,-0.74,100.0,3.0,,0.0,0.0,
2025-09-05T01:00:57.550Z,29,GR86-036-98,,-30.700000000000003,33.53458023071289,-86.61709594726562,0.179,-0.714,100.0,3.0,,0.0,0.0,
2025-09-05T01:00:57.595Z,29,GR86-036-98,,-29.200000000000003,33.5345458984375,-86.61711120605469,0.218,-0.654,100.0,3.0,,0.0,0.0,
2025-09-05T01:00:57.638Z,29,GR86-036-98,649.0,-28.3,33.5345458984375,-86.61711120605469,0.15,-0.7030000000000001,100.0,3.0,6589.0,0.0,0.0,
2025-09-05T01:00:57.681Z,29,GR86-036-98,,-27.9,33.53451156616211,-86.61711883544922,0.206,-0.644,100.0,3.0,,0.0,0.0,140.84
2025-09-05T01:00:57.724Z,29,GR86-036-98,,-27.8,33.53451156616211,-86.61711883544922,0.206,-0.659,100.0,3.0,,0.0,0.0,
2025-09-05T01:00:57.767Z,29,GR86-036-98,,-27.700000000000003,33.53451156616211,-86.61711883544922,0.221,-0.651,100.0,3.0,,0.0,0.0,
2025-09-05T01:00:57.810Z,29,GR86-036-98,,-27.3,33.53447723388672,-86.61713409423828,0.165,-0.648,100.0,3.0,,0.0,0.0,
2025-09-05T01:00:57.855Z,29,GR86-036-98,657.0,-26.6,33.53447723388672,-86.61713409423828,0.193,-0.592,100.0,3.0,6631.0,0.0,0.0,
2025-09-05T01:00:57.898Z,29,GR86-036-98,,-26.3,33.534446716308594,-86.61714935302734,0.168,-0.5670000000000001,100.0,3.0,,0.0,0.0,141.26
2025-09-05T01:00:57.941Z,29,GR86-036-98,,-25.6,33.534446716308594,-86.61714935302734,0.17,-0.531,100.0,3.0,,0.0,0.0,
2025-09-05T01:00:57.985Z,29,GR86-036-98,,-23.6,33.534446716308594,-86.61714935302734,0.213,-0.503,100.0,3.0,,0.0,0.0,
2025-09-05T01:00:58.028Z,29,GR86-036-98,,-20.9,33.5344123840332,-86.61717224121094,0.187,-0.586,100.0,3.0,,0.0,0.0,
2025-09-05T01:00:58.071Z,29,GR86-036-98,665.0,-17.900000000000002,33.5344123840332,-86.61717224121094,0.208,-0.612,100.0,3.0,6663.0,0.0,0.0,
2025-09-05T01:00:58.114Z,29,GR86-036-98,,-15.3,33.53438186645508,-86.6171875,0.244,-0.614,100.0,3.0,,0.0,0.0,141.6
2025-09-05T01:00:58.158Z,29,GR86-036-98,,-14.5,33.53438186645508,-86.6171875,0.197,-0.559,100.0,3.0,,0.0,0.0,
2025-09-05T01:00:58.201Z,29,GR86-036-98,,-14.4,33.53434753417969,-86.61720275878906,0.157,-0.523,100.0,3.0,,0.0,0.0,
2025-09-05T01:00:58.246Z,29,GR86-036-98,,-14.3,33.53434753417969,-86.61720275878906,0.209,-0.48,100.0,3.0,,0.0,0.0,
2025-09-05T01:00:58.289Z,29,GR86-036-98,673.0,-14.3,33.53431701660156,-86.61721801757812,0.213,-0.469,100.0,3.0,6725.0,0.0,0.0,
2025-09-05T01:00:58.332Z,29,GR86-036-98,,-14.3,33.53431701660156,-86.61721801757812,0.203,-0.476,100.0,3.0,,0.0,0.0,141.85
2025-09-05T01:00:58.375Z,29,GR86-036-98,,-14.3,33.53431701660156,-86.61721801757812,0.256,-0.549,100.0,3.0,,0.0,0.0,
2025-09-05T01:00:58.418Z,29,GR86-036-98,,-14.8,33.53428268432617,-86.61724090576172,0.232,-0.547,100.0,3.0,,0.0,0.0,
2025-09-05T01:00:58.461Z,29,GR86-036-98,,-17.0,33.53428268432617,-86.61724090576172,0.189,-0.496,100.0,3.0,,0.0,0.0,
2025-09-05T01:00:58.505Z,29,GR86-036-98,681.0,-18.2,33.53425216674805,-86.61725616455078,0.158,-0.434,100.0,3.0,6776.0,0.0,0.0,
2025-09-05T01:00:58.548Z,29,GR86-036-98,,-18.2,33.53425216674805,-86.61725616455078,0.163,-0.453,100.0,3.0,,0.0,0.0,143.0
2025-09-05T01:00:58.591Z,29,GR86-036-98,,-18.2,33.53425216674805,-86.61725616455078,0.205,-0.421,100.0,3.0,,0.0,0.0,
2025-09-05T01:00:58.635Z,29,GR86-036-98,,-17.1,33.534217834472656,-86.61727905273438,0.245,-0.513,100.0,3.0,,0.0,0.0,
2025-09-05T01:00:58.678Z,29,GR86-036-98,,-14.9,33.53418731689453,-86.61730194091797,0.238,-0.532,100.0,3.0,,0.0,0.0,
2025-09-05T01:00:58.721Z,29,GR86-036-98,689.0,-13.5,33.53418731689453,-86.61730194091797,0.185,-0.638,100.0,3.0,6766.0,0.0,0.0,
2025-09-05T01:00:58.765Z,29,GR86-036-98,,-12.4,33.53418731689453,-86.61730194091797,0.193,-0.686,100.0,3.0,,0.0,0.0,143.51
2025-09-05T01:00:58.808Z,29,GR86-036-98,,-11.5,33.534156799316406,-86.61731719970703,0.218,-0.629,100.0,3.0,,0.0,0.0,
2025-09-05T01:00:58.851Z,29,GR86-036-98,,-11.2,33.534156799316406,-86.61731719970703,0.224,-0.551,100.0,3.0,,0.0,0.0,
2025-09-05T01:00:58.895Z,29,GR86-036-98,,-11.1,33.53412628173828,-86.61734008789062,0.186,-0.532,100.0,3.0,,0.0,0.0,
2025-09-05T01:00:58.939Z,29,GR86-036-98,705.0,-11.1,33.53412628173828,-86.61734008789062,0.195,-0.468,100.0,3.0,6859.0,0.0,0.0,
2025-09-05T01:00:58.982Z,29,GR86-036-98,,-11.1,33.53409576416016,-86.61736297607422,0.204,-0.48,100.0,3.0,,0.0,0.0,144.77
2025-09-05T01:00:59.025Z,29,GR86-036-98,,-11.1,33.53409576416016,-86.61736297607422,0.172,-0.468,100.0,3.0,,0.0,0.0,
2025-09-05T01:00:59.068Z,29,GR86-036-98,,-11.1,33.53409576416016,-86.61736297607422,0.206,-0.436,100.0,3.0,,0.0,0.0,
2025-09-05T01:00:59.111Z,29,GR86-036-98,,-11.6,33.53406524658203,-86.61738586425781,0.202,-0.426,100.0,3.0,,0.0,0.0,
2025-09-05T01:00:59.155Z,29,GR86-036-98,713.0,-13.0,33.53406524658203,-86.61738586425781,0.165,-0.419,100.0,3.0,6913.0,0.0,0.0,
2025-09-05T01:00:59.198Z,29,GR86-036-98,,-13.0,33.534034729003906,-86.6174087524414,0.148,-0.418,100.0,3.0,,0.0,0.0,145.71
2025-09-05T01:00:59.241Z,29,GR86-036-98,,-13.0,33.534034729003906,-86.6174087524414,0.182,-0.504,100.0,3.0,,0.0,0.0,
2025-09-05T01:00:59.285Z,29,GR86-036-98,,-13.0,33.534034729003906,-86.6174087524414,0.242,-0.5740000000000001,100.0,3.0,,0.0,0.0,
2025-09-05T01:00:59.328Z,29,GR86-036-98,,-13.0,33.53400421142578,-86.617431640625,0.204,-0.623,100.0,3.0,,0.0,0.0,
2025-09-05T01:00:59.371Z,29,GR86-036-98,721.0,-13.0,33.53400421142578,-86.617431640625,0.173,-0.676,100.0,3.0,6998.0,0.0,0.0,
2025-09-05T01:00:59.414Z,29,GR86-036-98,,-13.0,33.533973693847656,-86.6174545288086,0.151,-0.709,100.0,3.0,,0.0,0.0,146.64
2025-09-05T01:00:59.457Z,29,GR86-036-98,,-13.1,33.533973693847656,-86.6174545288086,0.154,-0.6920000000000001,100.0,3.0,,0.0,0.0,
2025-09-05T01:00:59.500Z,29,GR86-036-98,,-13.2,33.53394317626953,-86.61748504638672,0.191,-0.656,100.0,3.0,,0.0,0.0,
2025-09-05T01:00:59.546Z,29,GR86-036-98,,-13.2,33.53394317626953,-86.61748504638672,0.22,-0.538,100.0,3.0,,0.0,0.0,
2025-09-05T01:00:59.589Z,29,GR86-036-98,729.0,-13.3,33.533912658691406,-86.61750793457031,0.21,-0.466,100.0,3.0,6979.0,0.0,0.0,
2025-09-05T01:00:59.632Z,29,GR86-036-98,,-14.0,33.533912658691406,-86.61750793457031,0.163,-0.428,100.0,3.0,,0.0,0.0,148.47
2025-09-05T01:00:59.678Z,29,GR86-036-98,,-14.5,33.533912658691406,-86.61750793457031,0.192,-0.41,100.0,3.0,,0.0,0.0,
2025-09-05T01:00:59.721Z,29,GR86-036-98,,-14.5,33.53388214111328,-86.6175308227539,0.193,-0.419,100.0,3.0,,0.0,0.0,
2025-09-05T01:00:59.764Z,29,GR86-036-98,,-14.5,33.53388214111328,-86.6175308227539,0.152,-0.426,100.0,3.0,,0.0,0.0,
2025-09-05T01:00:59.807Z,29,GR86-036-98,737.0,-14.5,33.53385162353516,-86.61756134033203,0.148,-0.496,100.0,3.0,7042.0,0.0,0.0,
2025-09-05T01:00:59.850Z,29,GR86-036-98,,-14.5,33.53385162353516,-86.61756134033203,0.188,-0.498,100.0,3.0,,0.0,0.0,149.55
2025-09-05T01:00:59.895Z,29,GR86-036-98,,-14.5,33.53382110595703,-86.61759185791016,0.165,-0.554,100.0,3.0,,0.0,0.0,
2025-09-05T01:00:59.938Z,29,GR86-036-98,,-14.5,33.53382110595703,-86.61759185791016,0.152,-0.5660000000000001,100.0,3.0,,0.0,0.0,
2025-09-05T01:00:59.981Z,29,GR86-036-98,,-14.6,33.53379440307617,-86.61761474609375,0.209,-0.5680000000000001,100.0,3.0,,0.0,0.0,
2025-09-05T01:01:00.024Z,29,GR86-036-98,746.0,-14.7,33.53379440307617,-86.61761474609375,0.195,-0.5760000000000001,100.0,3.0,7096.0,0.0,0.0,
2025-09-05T01:01:00.067Z,29,GR86-036-98,,-14.7,33.53379440307617,-86.61761474609375,0.199,-0.557,100.0,3.0,,0.0,0.0,150.72
2025-09-05T01:01:00.110Z,29,GR86-036-98,,-14.7,33.53376388549805,-86.61764526367188,0.156,-0.533,100.0,3.0,,0.0,0.0,
2025-09-05T01:01:00.155Z,29,GR86-036-98,,-14.7,33.53376388549805,-86.61764526367188,0.207,-0.508,100.0,3.0,,0.0,0.0,
2025-09-05T01:01:00.198Z,29,GR86-036-98,,-14.7,33.53373336791992,-86.61767578125,0.168,-0.507,100.0,3.0,,0.0,0.0,
2025-09-05T01:01:00.241Z,29,GR86-036-98,754.0,-14.7,33.53373336791992,-86.61767578125,0.138,-0.516,100.0,3.0,7150.0,0.0,0.0,
2025-09-05T01:01:00.285Z,29,GR86-036-98,,-14.7,33.53373336791992,-86.61767578125,-0.068,-0.497,100.0,3.0,,0.0,0.0,151.94
2025-09-05T01:01:00.328Z,29,GR86-036-98,,-14.7,33.53370666503906,-86.6176986694336,-0.074,-0.465,100.0,4.0,,0.0,0.0,
2025-09-05T01:01:00.371Z,29,GR86-036-98,,-14.7,33.53370666503906,-86.6176986694336,0.233,-0.458,100.0,4.0,,0.0,0.0,
2025-09-05T01:01:00.414Z,29,GR86-036-98,,-14.5,33.53367614746094,-86.61772918701172,0.241,-0.519,100.0,4.0,,0.0,0.0,
2025-09-05T01:01:00.458Z,29,GR86-036-98,763.0,-14.5,33.53367614746094,-86.61772918701172,0.255,-0.435,100.0,4.0,6799.0,0.0,0.0,
2025-09-05T01:01:00.501Z,29,GR86-036-98,,-14.5,33.53364944458008,-86.61775970458984,0.124,-0.429,100.0,4.0,,0.0,0.0,153.04
2025-09-05T01:01:00.546Z,29,GR86-036-98,,-14.5,33.53364944458008,-86.61775970458984,0.081,-0.405,100.0,4.0,,0.0,0.0,
2025-09-05T01:01:00.589Z,29,GR86-036-98,,-14.5,33.53361892700195,-86.61779022216797,0.15,-0.355,100.0,4.0,,0.0,0.0,
2025-09-05T01:01:00.632Z,29,GR86-036-98,,-14.5,33.53361892700195,-86.61779022216797,0.155,-0.409,100.0,4.0,,0.0,0.0,
2025-09-05T01:01:00.678Z,29,GR86-036-98,771.0,-11.9,33.53361892700195,-86.61779022216797,0.17,-0.389,100.0,4.0,5993.0,0.0,0.0,
2025-09-05T01:01:00.721Z,29,GR86-036-98,,-10.2,33.533592224121094,-86.61782836914062,0.093,-0.415,100.0,4.0,,0.0,0.0,153.9
2025-09-05T01:01:00.764Z,29,GR86-036-98,,-9.9,33.533592224121094,-86.61782836914062,0.143,-0.418,100.0,4.0,,0.0,0.0,
2025-09-05T01:01:00.807Z,29,GR86-036-98,,-9.9,33.533565521240234,-86.61785888671875,0.12,-0.379,100.0,4.0,,0.0,0.0,
2025-09-05T01:01:00.850Z,29,GR86-036-98,,-9.9,33.533565521240234,-86.61785888671875,0.126,-0.322,100.0,4.0,,0.0,0.0,
2025-09-05T01:01:00.895Z,29,GR86-036-98,780.0,-9.8,33.53353500366211,-86.61788940429688,0.122,-0.244,100.0,4.0,6112.0,0.0,0.0,
2025-09-05T01:01:00.938Z,29,GR86-036-98,,-9.4,33.53353500366211,-86.61788940429688,0.102,-0.202,100.0,4.0,,0.0,0.0,156.0
2025-09-05T01:01:00.981Z,29,GR86-036-98,,-9.4,33.53350830078125,-86.617919921875,0.137,-0.222,100.0,4.0,,0.0,0.0,
2025-09-05T01:01:01.024Z,29,GR86-036-98,,-9.3,33.53350830078125,-86.617919921875,0.152,-0.228,100.0,4.0,,0.0,0.0,
2025-09-05T01:01:01.067Z,29,GR86-036-98,,-9.3,33.53350830078125,-86.617919921875,0.172,-0.223,100.0,4.0,,0.0,0.0,
2025-09-05T01:01:01.110Z,29,GR86-036-98,789.0,-9.3,33.53348159790039,-86.61795043945312,0.151,-0.246,100.0,4.0,6150.0,0.0,0.0,
2025-09-05T01:01:01.155Z,29,GR86-036-98,,-9.3,33.53348159790039,-86.61795043945312,0.155,-0.256,100.0,4.0,,0.0,0.0,156.84
2025-09-05T01:01:01.198Z,29,GR86-036-98,,-9.2,33.53345489501953,-86.61798858642578,0.164,-0.269,100.0,4.0,,0.0,0.0,
2025-09-05T01:01:01.241Z,29,GR86-036-98,,-9.2,33.53345489501953,-86.61798858642578,0.162,-0.257,100.0,4.0,,0.0,0.0,
2025-09-05T01:01:01.285Z,29,GR86-036-98,,-9.0,33.53345489501953,-86.61798858642578,0.165,-0.226,100.0,4.0,,0.0,0.0,
2025-09-05T01:01:01.328Z,29,GR86-036-98,797.0,-8.200000000000001,33.53342819213867,-86.6180191040039,0.116,-0.197,100.0,4.0,6190.0,0.0,0.0,
2025-09-05T01:01:01.371Z,29,GR86-036-98,,-8.1,33.53342819213867,-86.6180191040039,0.113,-0.209,100.0,4.0,,0.0,0.0,157.89
2025-09-05T01:01:01.414Z,29,GR86-036-98,,-8.1,33.53339767456055,-86.61805725097656,0.163,-0.213,100.0,4.0,,0.0,0.0,
2025-09-05T01:01:01.458Z,29,GR86-036-98,,-8.1,33.53339767456055,-86.61805725097656,0.148,-0.215,100.0,4.0,,0.0,0.0,
2025-09-05T01:01:01.501Z,29,GR86-036-98,,-8.1,33.53337097167969,-86.61808776855469,0.106,-0.23,100.0,4.0,,0.0,0.0,
2025-09-05T01:01:01.546Z,29,GR86-036-98,815.0,-8.1,33.53337097167969,-86.61808776855469,0.119,-0.24,100.0,4.0,6256.0,0.0,0.0,
2025-09-05T01:01:01.589Z,29,GR86-036-98,,-8.1,33.53337097167969,-86.61808776855469,0.124,-0.231,100.0,4.0,,0.0,0.0,158.77
2025-09-05T01:01:01.632Z,29,GR86-036-98,,-7.9,33.53334426879883,-86.61812591552734,0.153,-0.226,100.0,4.0,,0.0,0.0,
2025-09-05T01:01:01.675Z,29,GR86-036-98,,-6.9,33.53334426879883,-86.61812591552734,0.133,-0.213,100.0,4.0,,0.0,0.0,
2025-09-05T01:01:01.718Z,29,GR86-036-98,,-6.2,33.53331756591797,-86.61815643310547,0.111,-0.192,100.0,4.0,,0.0,0.0,
2025-09-05T01:01:01.761Z,29,GR86-036-98,824.0,-5.800000000000001,33.53331756591797,-86.61815643310547,0.147,-0.17,100.0,4.0,6288.0,0.0,0.0,
2025-09-05T01:01:01.805Z,29,GR86-036-98,,-5.800000000000001,33.53329086303711,-86.61819458007812,0.136,-0.152,100.0,4.0,,0.0,0.0,159.74
2025-09-05T01:01:01.848Z,29,GR86-036-98,,-5.800000000000001,33.53329086303711,-86.61819458007812,0.18,-0.145,100.0,4.0,,0.0,0.0,
2025-09-05T01:01:01.891Z,29,GR86-036-98,,-5.7,33.53329086303711,-86.61819458007812,0.154,-0.134,100.0,4.0,,0.0,0.0,
2025-09-05T01:01:01.935Z,29,GR86-036-98,,-5.7,33.53326416015625,-86.61822509765625,0.142,-0.138,100.0,4.0,,0.0,0.0,
2025-09-05T01:01:01.979Z,29,GR86-036-98,833.0,-5.7,33.53323745727539,-86.6182632446289,0.155,-0.132,100.0,4.0,6326.0,0.0,0.0,
2025-09-05T01:01:02.022Z,29,GR86-036-98,,-5.5,33.53323745727539,-86.6182632446289,0.159,-0.117,100.0,4.0,,0.0,0.0,160.64
2025-09-05T01:01:02.065Z,29,GR86-036-98,,-4.9,33.53323745727539,-86.6182632446289,0.168,-0.113,100.0,4.0,,0.0,0.0,
2025-09-05T01:01:02.108Z,29,GR86-036-98,,-4.1000000000000005,33.53321075439453,-86.61829376220703,0.141,-0.109,100.0,4.0,,0.0,0.0,
2025-09-05T01:01:02.151Z,29,GR86-036-98,,-3.7,33.53321075439453,-86.61829376220703,0.138,-0.11,100.0,4.0,,0.0,0.0,
2025-09-05T01:01:02.195Z,29,GR86-036-98,842.0,-3.7,33.53318405151367,-86.61833190917969,0.155,-0.083,100.0,4.0,6355.0,0.0,0.0,
2025-09-05T01:01:02.238Z,29,GR86-036-98,,-3.7,33.53318405151367,-86.61833190917969,0.173,-0.066,100.0,4.0,,0.0,0.0,161.55
2025-09-05T01:01:02.281Z,29,GR86-036-98,,-3.6,33.53318405151367,-86.61833190917969,0.149,-0.056,100.0,4.0,,0.0,0.0,
2025-09-05T01:01:02.324Z,29,GR86-036-98,,-3.4000000000000004,33.53315734863281,-86.61837005615234,0.127,-0.067,100.0,4.0,,0.0,0.0,
2025-09-05T01:01:02.368Z,29,GR86-036-98,,-3.0,33.53315734863281,-86.61837005615234,0.12,-0.058,100.0,4.0,,0.0,0.0,
2025-09-05T01:01:02.411Z,29,GR86-036-98,851.0,-3.0,33.53313064575195,-86.61840057373047,0.118,-0.044,100.0,4.0,6393.0,0.0,0.0,
2025-09-05T01:01:02.455Z,29,GR86-036-98,,-3.0,33.53313064575195,-86.61840057373047,0.158,-0.02,100.0,4.0,,0.0,0.0,162.49
2025-09-05T01:01:02.499Z,29,GR86-036-98,,-3.0,33.53310012817383,-86.61843872070312,0.133,-0.034,100.0,4.0,,0.0,0.0,
2025-09-05T01:01:02.542Z,29,GR86-036-98,,-2.9000000000000004,33.53310012817383,-86.61843872070312,0.131,-0.04,100.0,4.0,,0.0,0.0,
2025-09-05T01:01:02.585Z,29,GR86-036-98,,-2.9000000000000004,33.53310012817383,-86.61843872070312,0.121,-0.033,100.0,4.0,,0.0,0.0,
2025-09-05T01:01:02.628Z,29,GR86-036-98,860.0,-2.8000000000000003,33.53307342529297,-86.61847686767578,0.131,-0.029,100.0,4.0,6430.0,0.0,0.0,
2025-09-05T01:01:02.671Z,29,GR86-036-98,,-2.8000000000000003,33.53307342529297,-86.61847686767578,0.132,-0.008,100.0,4.0,,0.0,0.0,163.38
2025-09-05T01:01:02.714Z,29,GR86-036-98,,-2.4000000000000004,33.53304672241211,-86.61851501464844,0.113,-0.011,100.0,4.0,,0.0,0.0,
2025-09-05T01:01:02.758Z,29,GR86-036-98,,-2.1,33.53304672241211,-86.61851501464844,0.112,-0.007,100.0,4.0,,0.0,0.0,
2025-09-05T01:01:02.801Z,29,GR86-036-98,,-1.8,33.53302001953125,-86.61854553222656,0.108,-0.009,100.0,4.0,,0.0,0.0,
2025-09-05T01:01:02.846Z,29,GR86-036-98,869.0,-1.4,33.53302001953125,-86.61854553222656,0.133,0.003,100.0,4.0,6466.0,0.0,0.0,
2025-09-05T01:01:02.889Z,29,GR86-036-98,,-0.9,33.53302001953125,-86.61854553222656,0.134,0.021,100.0,4.0,,0.0,0.0,164.27
2025-09-05T01:01:02.932Z,29,GR86-036-98,,-0.4,33.53299331665039,-86.61858367919922,0.163,0.004,100.0,4.0,,0.0,0.0,
2025-09-05T01:01:02.975Z,29,GR86-036-98,,-0.3,33.53296661376953,-86.61862182617188,0.115,0.014,100.0,4.0,,0.0,0.0,
2025-09-05T01:01:03.018Z,29,GR86-036-98,,-0.3,33.53296661376953,-86.61862182617188,0.107,0.012,100.0,4.0,,0.0,0.0,
2025-09-05T01:01:03.061Z,29,GR86-036-98,878.0,-0.3,33.53296661376953,-86.61862182617188,0.128,0.027,100.0,4.0,6494.0,0.0,0.0,
2025-09-05T01:01:03.105Z,29,GR86-036-98,,-0.2,33.53293991088867,-86.61865997314453,0.159,0.043,100.0,4.0,,0.0,0.0,165.13
2025-09-05T01:01:03.148Z,29,GR86-036-98,,0.0,33.53293991088867,-86.61865997314453,0.165,0.038,100.0,4.0,,0.0,0.0,
2025-09-05T01:01:03.191Z,29,GR86-036-98,,0.0,33.53290939331055,-86.61869812011719,0.163,0.057,100.0,4.0,,0.0,0.0,
2025-09-05T01:01:03.235Z,29,GR86-036-98,,0.0,33.53290939331055,-86.61869812011719,0.107,0.062,100.0,4.0,,0.0,0.0,
2025-09-05T01:01:03.278Z,29,GR86-036-98,887.0,0.2,33.53288269042969,-86.61873626708984,0.132,0.047,100.0,4.0,6544.0,0.0,0.0,
2025-09-05T01:01:03.321Z,29,GR86-036-98,,0.3,33.53288269042969,-86.61873626708984,0.131,0.045,100.0,4.0,,0.0,0.0,166.06
2025-09-05T01:01:03.364Z,29,GR86-036-98,,0.3,33.53288269042969,-86.61873626708984,0.152,0.074,100.0,4.0,,0.0,0.0,
2025-09-05T01:01:03.407Z,29,GR86-036-98,,0.3,33.53285598754883,-86.61876678466797,0.177,0.072,100.0,4.0,,0.0,0.0,
2025-09-05T01:01:03.450Z,29,GR86-036-98,,0.6000000000000001,33.53285598754883,-86.61876678466797,0.167,0.083,100.0,4.0,,0.0,0.0,
2025-09-05T01:01:03.495Z,29,GR86-036-98,896.0,1.3,33.53282928466797,-86.61880493164062,0.118,0.089,100.0,4.0,6579.0,0.0,0.0,
2025-09-05T01:01:03.538Z,29,GR86-036-98,,1.6,33.53282928466797,-86.61880493164062,0.128,0.091,100.0,4.0,,0.0,0.0,167.88
2025-09-05T01:01:03.581Z,29,GR86-036-98,,1.6,33.53282928466797,-86.61880493164062,0.142,0.107,100.0,4.0,,0.0,0.0,
2025-09-05T01:01:03.624Z,29,GR86-036-98,,1.6,33.532798767089844,-86.61884307861328,0.164,0.128,100.0,4.0,,0.0,0.0,
2025-09-05T01:01:03.667Z,29,GR86-036-98,,1.7000000000000002,33.532798767089844,-86.61884307861328,0.151,0.127,100.0,4.0,,0.0,0.0,
2025-09-05T01:01:03.710Z,29,GR86-036-98,906.0,1.8,33.532772064208984,-86.61888122558594,0.167,0.125,100.0,4.0,6621.0,2.76,3.16,
2025-09-05T01:01:03.755Z,29,GR86-036-98,,1.9,33.532772064208984,-86.61888122558594,0.098,0.137,100.0,4.0,,0.0,1.89,168.88
2025-09-05T01:01:03.798Z,29,GR86-036-98,,1.9,33.532745361328125,-86.6189193725586,0.113,0.132,100.0,4.0,,0.0,0.0,
2025-09-05T01:01:03.841Z,29,GR86-036-98,,1.9,33.532745361328125,-86.6189193725586,0.123,0.12,100.0,4.0,,0.0,0.0,
2025-09-05T01:01:03.885Z,29,GR86-036-98,,1.9,33.53271484375,-86.61895751953125,0.143,0.118,100.0,4.0,,0.0,0.0,
2025-09-05T01:01:03.928Z,29,GR86-036-98,915.0,1.8,33.53271484375,-86.61895751953125,0.161,0.12,100.0,4.0,6659.0,0.0,0.0,
2025-09-05T01:01:03.971Z,29,GR86-036-98,,1.8,33.53271484375,-86.61895751953125,0.164,0.117,100.0,4.0,,0.0,0.0,169.68
2025-09-05T01:01:04.014Z,29,GR86-036-98,,1.9,33.53268814086914,-86.6189956665039,0.104,0.128,100.0,4.0,,0.0,0.0,
2025-09-05T01:01:04.058Z,29,GR86-036-98,,1.9,33.53268814086914,-86.6189956665039,0.115,0.097,100.0,4.0,,0.0,0.0,
2025-09-05T01:01:04.101Z,29,GR86-036-98,,1.9,33.532657623291016,-86.61902618408203,0.124,0.113,100.0,4.0,,0.0,0.0,
2025-09-05T01:01:04.146Z,29,GR86-036-98,934.0,1.9,33.532657623291016,-86.61902618408203,0.124,0.1,100.0,4.0,6712.0,0.0,0.0,
2025-09-05T01:01:04.189Z,29,GR86-036-98,,1.9,33.532657623291016,-86.61902618408203,0.123,0.102,100.0,4.0,,0.0,0.0,170.69
2025-09-05T01:01:04.232Z,29,GR86-036-98,,1.9,33.53263092041016,-86.61906433105469,0.155,0.101,100.0,4.0,,0.0,0.0,
2025-09-05T01:01:04.275Z,29,GR86-036-98,,1.9,33.53260040283203,-86.61910247802734,0.121,0.108,100.0,4.0,,0.0,0.0,
2025-09-05T01:01:04.318Z,29,GR86-036-98,,1.9,33.53260040283203,-86.61910247802734,0.121,0.098,100.0,4.0,,0.0,0.0,
2025-09-05T01:01:04.361Z,29,GR86-036-98,944.0,1.9,33.53260040283203,-86.61910247802734,0.104,0.1,100.0,4.0,6756.0,0.0,0.0,
2025-09-05T01:01:04.405Z,29,GR86-036-98,,1.9,33.53257369995117,-86.619140625,0.108,0.086,100.0,4.0,,0.0,0.0,171.6
2025-09-05T01:01:04.448Z,29,GR86-036-98,,1.9,33.53257369995117,-86.619140625,0.122,0.07,100.0,4.0,,0.0,0.0,
2025-09-05T01:01:04.491Z,29,GR86-036-98,,1.9,33.53254318237305,-86.61917877197266,0.132,0.082,100.0,4.0,,0.0,0.0,
2025-09-05T01:01:04.535Z,29,GR86-036-98,,1.9,33.53254318237305,-86.61917877197266,0.151,0.08,100.0,4.0,,0.0,0.0,
2025-09-05T01:01:04.578Z,29,GR86-036-98,953.0,1.9,33.53254318237305,-86.61917877197266,0.145,0.105,100.0,4.0,6790.0,0.0,0.0,
2025-09-05T01:01:04.621Z,29,GR86-036-98,,1.9,33.53251266479492,-86.61921691894531,0.127,0.082,100.0,4.0,,0.0,0.0,172.43
2025-09-05T01:01:04.664Z,29,GR86-036-98,,2.3000000000000003,33.53251266479492,-86.61921691894531,0.121,0.074,100.0,4.0,,0.0,0.0,
2025-09-05T01:01:04.707Z,29,GR86-036-98,,2.7,33.53248596191406,-86.61925506591797,0.153,0.056,100.0,4.0,,0.0,0.0,
2025-09-05T01:01:04.750Z,29,GR86-036-98,,2.7,33.53248596191406,-86.61925506591797,0.101,0.07,100.0,4.0,,0.0,0.0,
